0 1 5 18 2 4100 4 4103 15 3 4101 4102 16 4114 4115 6 17 23 4116 7 13 14 4117 4118 8 12 4108 4109 4110 4111 4112 4113 9 4104 11 4107 10 4105 4106 19 20 21 4119 4120 22 24 4121 4122 4123 
25 26 30 43 27 4124 29 4127 40 28 4125 4126 41 4138 4139 31 42 48 4140 32 38 39 4141 4142 33 37 4132 4133 4134 4135 4136 4137 34 4128 36 4131 35 4129 4130 44 45 46 4143 4144 47 49 4145 4146 4147 
50 51 55 68 52 4148 54 4151 65 53 4149 4150 66 4162 4163 56 67 73 4164 57 63 64 4165 4166 58 62 4156 4157 4158 4159 4160 4161 59 4152 61 4155 60 4153 4154 69 70 71 4167 4168 72 74 4169 4170 4171 
75 76 80 93 77 4172 79 4175 90 78 4173 4174 91 4186 4187 81 92 98 4188 82 88 89 4189 4190 83 87 4180 4181 4182 4183 4184 4185 84 4176 86 4179 85 4177 4178 94 95 96 4191 4192 97 99 4193 4194 4195 
100 101 105 118 102 4196 104 4199 115 103 4197 4198 116 4210 4211 106 117 123 4212 107 113 114 4213 4214 108 112 4204 4205 4206 4207 4208 4209 109 4200 111 4203 110 4201 4202 119 120 121 4215 4216 122 124 4217 4218 4219 
125 126 130 143 127 4220 129 4223 140 128 4221 4222 141 4234 4235 131 142 148 4236 132 138 139 4237 4238 133 137 4228 4229 4230 4231 4232 4233 134 4224 136 4227 135 4225 4226 144 145 146 4239 4240 147 149 4241 4242 4243 
150 151 155 168 152 4244 154 4247 165 153 4245 4246 166 4258 4259 156 167 173 4260 157 163 164 4261 4262 158 162 4252 4253 4254 4255 4256 4257 159 4248 161 4251 160 4249 4250 169 170 171 4263 4264 172 174 4265 4266 4267 
175 176 180 193 177 4268 179 4271 190 178 4269 4270 191 4282 4283 181 192 198 4284 182 188 189 4285 4286 183 187 4276 4277 4278 4279 4280 4281 184 4272 186 4275 185 4273 4274 194 195 196 4287 4288 197 199 4289 4290 4291 
200 201 205 218 202 4292 204 4295 215 203 4293 4294 216 4306 4307 206 217 223 4308 207 213 214 4309 4310 208 212 4300 4301 4302 4303 4304 4305 209 4296 211 4299 210 4297 4298 219 220 221 4311 4312 222 224 4313 4314 4315 
225 226 230 243 227 4316 229 4319 240 228 4317 4318 241 4330 4331 231 242 248 4332 232 238 239 4333 4334 233 237 4324 4325 4326 4327 4328 4329 234 4320 236 4323 235 4321 4322 244 245 246 4335 4336 247 249 4337 4338 4339 
250 251 255 268 252 4340 254 4343 265 253 4341 4342 266 4354 4355 256 267 273 4356 257 263 264 4357 4358 258 262 4348 4349 4350 4351 4352 4353 259 4344 261 4347 260 4345 4346 269 270 271 4359 4360 272 274 4361 4362 4363 
275 276 280 293 277 4364 279 4367 290 278 4365 4366 291 4378 4379 281 292 298 4380 282 288 289 4381 4382 283 287 4372 4373 4374 4375 4376 4377 284 4368 286 4371 285 4369 4370 294 295 296 4383 4384 297 299 4385 4386 4387 
300 301 305 318 302 4388 304 4391 315 303 4389 4390 316 4402 4403 306 317 323 4404 307 313 314 4405 4406 308 312 4396 4397 4398 4399 4400 4401 309 4392 311 4395 310 4393 4394 319 320 321 4407 4408 322 324 4409 4410 4411 
325 326 330 343 327 4412 329 4415 340 328 4413 4414 341 4426 4427 331 342 348 4428 332 338 339 4429 4430 333 337 4420 4421 4422 4423 4424 4425 334 4416 336 4419 335 4417 4418 344 345 346 4431 4432 347 349 4433 4434 4435 
350 351 355 368 352 4436 354 4439 365 353 4437 4438 366 4450 4451 356 367 373 4452 357 363 364 4453 4454 358 362 4444 4445 4446 4447 4448 4449 359 4440 361 4443 360 4441 4442 369 370 371 4455 4456 372 374 4457 4458 4459 
375 376 380 393 377 4460 379 4463 390 378 4461 4462 391 4474 4475 381 392 398 4476 382 388 389 4477 4478 383 387 4468 4469 4470 4471 4472 4473 384 4464 386 4467 385 4465 4466 394 395 396 4479 4480 397 399 4481 4482 4483 
400 401 405 418 402 4484 404 4487 415 403 4485 4486 416 4498 4499 406 417 423 4500 407 413 414 4501 4502 408 412 4492 4493 4494 4495 4496 4497 409 4488 411 4491 410 4489 4490 419 420 421 4503 4504 422 424 4505 4506 4507 
425 426 430 443 427 4508 429 4511 440 428 4509 4510 441 4522 4523 431 442 448 4524 432 438 439 4525 4526 433 437 4516 4517 4518 4519 4520 4521 434 4512 436 4515 435 4513 4514 444 445 446 4527 4528 447 449 4529 4530 4531 
450 451 455 468 452 4532 454 4535 465 453 4533 4534 466 4546 4547 456 467 473 4548 457 463 464 4549 4550 458 462 4540 4541 4542 4543 4544 4545 459 4536 461 4539 460 4537 4538 469 470 471 4551 4552 472 474 4553 4554 4555 
475 476 480 493 477 4556 479 4559 490 478 4557 4558 491 4570 4571 481 492 498 4572 482 488 489 4573 4574 483 487 4564 4565 4566 4567 4568 4569 484 4560 486 4563 485 4561 4562 494 495 496 4575 4576 497 499 4577 4578 4579 
500 501 505 518 502 4580 504 4583 515 503 4581 4582 516 4594 4595 506 517 523 4596 507 513 514 4597 4598 508 512 4588 4589 4590 4591 4592 4593 509 4584 511 4587 510 4585 4586 519 520 521 4599 4600 522 524 4601 4602 4603 
525 526 530 543 527 4604 529 4607 540 528 4605 4606 541 4618 4619 531 542 548 4620 532 538 539 4621 4622 533 537 4612 4613 4614 4615 4616 4617 534 4608 536 4611 535 4609 4610 544 545 546 4623 4624 547 549 4625 4626 4627 
550 551 555 568 552 4628 554 4631 565 553 4629 4630 566 4642 4643 556 567 573 4644 557 563 564 4645 4646 558 562 4636 4637 4638 4639 4640 4641 559 4632 561 4635 560 4633 4634 569 570 571 4647 4648 572 574 4649 4650 4651 
575 576 580 593 577 4652 579 4655 590 578 4653 4654 591 4666 4667 581 592 598 4668 582 588 589 4669 4670 583 587 4660 4661 4662 4663 4664 4665 584 4656 586 4659 585 4657 4658 594 595 596 4671 4672 597 599 4673 4674 4675 
600 601 605 618 602 4676 604 4679 615 603 4677 4678 616 4690 4691 606 617 623 4692 607 613 614 4693 4694 608 612 4684 4685 4686 4687 4688 4689 609 4680 611 4683 610 4681 4682 619 620 621 4695 4696 622 624 4697 4698 4699 
625 626 630 643 627 4700 629 4703 640 628 4701 4702 641 4714 4715 631 642 648 4716 632 638 639 4717 4718 633 637 4708 4709 4710 4711 4712 4713 634 4704 636 4707 635 4705 4706 644 645 646 4719 4720 647 649 4721 4722 4723 
650 651 655 668 652 4724 654 4727 665 653 4725 4726 666 4738 4739 656 667 673 4740 657 663 664 4741 4742 658 662 4732 4733 4734 4735 4736 4737 659 4728 661 4731 660 4729 4730 669 670 671 4743 4744 672 674 4745 4746 4747 
675 676 680 693 677 4748 679 4751 690 678 4749 4750 691 4762 4763 681 692 698 4764 682 688 689 4765 4766 683 687 4756 4757 4758 4759 4760 4761 684 4752 686 4755 685 4753 4754 694 695 696 4767 4768 697 699 4769 4770 4771 
700 701 705 718 702 4772 704 4775 715 703 4773 4774 716 4786 4787 706 717 723 4788 707 713 714 4789 4790 708 712 4780 4781 4782 4783 4784 4785 709 4776 711 4779 710 4777 4778 719 720 721 4791 4792 722 724 4793 4794 4795 
725 726 730 743 727 4796 729 4799 740 728 4797 4798 741 4810 4811 731 742 748 4812 732 738 739 4813 4814 733 737 4804 4805 4806 4807 4808 4809 734 4800 736 4803 735 4801 4802 744 745 746 4815 4816 747 749 4817 4818 4819 
750 751 755 768 752 4820 754 4823 765 753 4821 4822 766 4834 4835 756 767 773 4836 757 763 764 4837 4838 758 762 4828 4829 4830 4831 4832 4833 759 4824 761 4827 760 4825 4826 769 770 771 4839 4840 772 774 4841 4842 4843 
775 776 780 793 777 4844 779 4847 790 778 4845 4846 791 4858 4859 781 792 798 4860 782 788 789 4861 4862 783 787 4852 4853 4854 4855 4856 4857 784 4848 786 4851 785 4849 4850 794 795 796 4863 4864 797 799 4865 4866 4867 
800 801 805 818 802 4868 804 4871 815 803 4869 4870 816 4882 4883 806 817 823 4884 807 813 814 4885 4886 808 812 4876 4877 4878 4879 4880 4881 809 4872 811 4875 810 4873 4874 819 820 821 4887 4888 822 824 4889 4890 4891 
825 826 830 843 827 4892 829 4895 840 828 4893 4894 841 4906 4907 831 842 848 4908 832 838 839 4909 4910 833 837 4900 4901 4902 4903 4904 4905 834 4896 836 4899 835 4897 4898 844 845 846 4911 4912 847 849 4913 4914 4915 
850 851 855 868 852 4916 854 4919 865 853 4917 4918 866 4930 4931 856 867 873 4932 857 863 864 4933 4934 858 862 4924 4925 4926 4927 4928 4929 859 4920 861 4923 860 4921 4922 869 870 871 4935 4936 872 874 4937 4938 4939 
875 876 880 893 877 4940 879 4943 890 878 4941 4942 891 4954 4955 881 892 898 4956 882 888 889 4957 4958 883 887 4948 4949 4950 4951 4952 4953 884 4944 886 4947 885 4945 4946 894 895 896 4959 4960 897 899 4961 4962 4963 
900 901 905 918 902 4964 904 4967 915 903 4965 4966 916 4978 4979 906 917 923 4980 907 913 914 4981 4982 908 912 4972 4973 4974 4975 4976 4977 909 4968 911 4971 910 4969 4970 919 920 921 4983 4984 922 924 4985 4986 4987 
925 926 930 943 927 4988 929 4991 940 928 4989 4990 941 5002 5003 931 942 948 5004 932 938 939 5005 5006 933 937 4996 4997 4998 4999 5000 5001 934 4992 936 4995 935 4993 4994 944 945 946 5007 5008 947 949 5009 5010 5011 
950 951 955 968 952 5012 954 5015 965 953 5013 5014 966 5026 5027 956 967 973 5028 957 963 964 5029 5030 958 962 5020 5021 5022 5023 5024 5025 959 5016 961 5019 960 5017 5018 969 970 971 5031 5032 972 974 5033 5034 5035 
975 976 980 993 977 5036 979 5039 990 978 5037 5038 991 5050 5051 981 992 998 5052 982 988 989 5053 5054 983 987 5044 5045 5046 5047 5048 5049 984 5040 986 5043 985 5041 5042 994 995 996 5055 5056 997 999 5057 5058 5059 
1000 1001 1005 1018 1002 5060 1004 5063 1015 1003 5061 5062 1016 5074 5075 1006 1017 1023 5076 1007 1013 1014 5077 5078 1008 1012 5068 5069 5070 5071 5072 5073 1009 5064 1011 5067 1010 5065 5066 1019 1020 1021 5079 5080 1022 1024 5081 5082 5083 
1025 1026 1030 1043 1027 5084 1029 5087 1040 1028 5085 5086 1041 5098 5099 1031 1042 1048 5100 1032 1038 1039 5101 5102 1033 1037 5092 5093 5094 5095 5096 5097 1034 5088 1036 5091 1035 5089 5090 1044 1045 1046 5103 5104 1047 1049 5105 5106 5107 
1050 1051 1055 1068 1052 5108 1054 5111 1065 1053 5109 5110 1066 5122 5123 1056 1067 1073 5124 1057 1063 1064 5125 5126 1058 1062 5116 5117 5118 5119 5120 5121 1059 5112 1061 5115 1060 5113 5114 1069 1070 1071 5127 5128 1072 1074 5129 5130 5131 
1075 1076 1080 1093 1077 5132 1079 5135 1090 1078 5133 5134 1091 5146 5147 1081 1092 1098 5148 1082 1088 1089 5149 5150 1083 1087 5140 5141 5142 5143 5144 5145 1084 5136 1086 5139 1085 5137 5138 1094 1095 1096 5151 5152 1097 1099 5153 5154 5155 
1100 1101 1105 1118 1102 5156 1104 5159 1115 1103 5157 5158 1116 5170 5171 1106 1117 1123 5172 1107 1113 1114 5173 5174 1108 1112 5164 5165 5166 5167 5168 5169 1109 5160 1111 5163 1110 5161 5162 1119 1120 1121 5175 5176 1122 1124 5177 5178 5179 
1125 1126 1130 1143 1127 5180 1129 5183 1140 1128 5181 5182 1141 5194 5195 1131 1142 1148 5196 1132 1138 1139 5197 5198 1133 1137 5188 5189 5190 5191 5192 5193 1134 5184 1136 5187 1135 5185 5186 1144 1145 1146 5199 5200 1147 1149 5201 5202 5203 
1150 1151 1155 1168 1152 5204 1154 5207 1165 1153 5205 5206 1166 5218 5219 1156 1167 1173 5220 1157 1163 1164 5221 5222 1158 1162 5212 5213 5214 5215 5216 5217 1159 5208 1161 5211 1160 5209 5210 1169 1170 1171 5223 5224 1172 1174 5225 5226 5227 
1175 1176 1180 1193 1177 5228 1179 5231 1190 1178 5229 5230 1191 5242 5243 1181 1192 1198 5244 1182 1188 1189 5245 5246 1183 1187 5236 5237 5238 5239 5240 5241 1184 5232 1186 5235 1185 5233 5234 1194 1195 1196 5247 5248 1197 1199 5249 5250 5251 
1200 1201 1205 1218 1202 5252 1204 5255 1215 1203 5253 5254 1216 5266 5267 1206 1217 1223 5268 1207 1213 1214 5269 5270 1208 1212 5260 5261 5262 5263 5264 5265 1209 5256 1211 5259 1210 5257 5258 1219 1220 1221 5271 5272 1222 1224 5273 5274 5275 
1225 1226 1230 1243 1227 5276 1229 5279 1240 1228 5277 5278 1241 5290 5291 1231 1242 1248 5292 1232 1238 1239 5293 5294 1233 1237 5284 5285 5286 5287 5288 5289 1234 5280 1236 5283 1235 5281 5282 1244 1245 1246 5295 5296 1247 1249 5297 5298 5299 
1250 1251 1255 1268 1252 5300 1254 5303 1265 1253 5301 5302 1266 5314 5315 1256 1267 1273 5316 1257 1263 1264 5317 5318 1258 1262 5308 5309 5310 5311 5312 5313 1259 5304 1261 5307 1260 5305 5306 1269 1270 1271 5319 5320 1272 1274 5321 5322 5323 
1275 1276 1280 1293 1277 5324 1279 5327 1290 1278 5325 5326 1291 5338 5339 1281 1292 1298 5340 1282 1288 1289 5341 5342 1283 1287 5332 5333 5334 5335 5336 5337 1284 5328 1286 5331 1285 5329 5330 1294 1295 1296 5343 5344 1297 1299 5345 5346 5347 
1300 1301 1305 1318 1302 5348 1304 5351 1315 1303 5349 5350 1316 5362 5363 1306 1317 1323 5364 1307 1313 1314 5365 5366 1308 1312 5356 5357 5358 5359 5360 5361 1309 5352 1311 5355 1310 5353 5354 1319 1320 1321 5367 5368 1322 1324 5369 5370 5371 
1325 1326 1330 1343 1327 5372 1329 5375 1340 1328 5373 5374 1341 5386 5387 1331 1342 1348 5388 1332 1338 1339 5389 5390 1333 1337 5380 5381 5382 5383 5384 5385 1334 5376 1336 5379 1335 5377 5378 1344 1345 1346 5391 5392 1347 1349 5393 5394 5395 
1350 1351 1355 1368 1352 5396 1354 5399 1365 1353 5397 5398 1366 5410 5411 1356 1367 1373 5412 1357 1363 1364 5413 5414 1358 1362 5404 5405 5406 5407 5408 5409 1359 5400 1361 5403 1360 5401 5402 1369 1370 1371 5415 5416 1372 1374 5417 5418 5419 
1375 1376 1380 1393 1377 5420 1379 5423 1390 1378 5421 5422 1391 5434 5435 1381 1392 1398 5436 1382 1388 1389 5437 5438 1383 1387 5428 5429 5430 5431 5432 5433 1384 5424 1386 5427 1385 5425 5426 1394 1395 1396 5439 5440 1397 1399 5441 5442 5443 
1400 1401 1405 1418 1402 5444 1404 5447 1415 1403 5445 5446 1416 5458 5459 1406 1417 1423 5460 1407 1413 1414 5461 5462 1408 1412 5452 5453 5454 5455 5456 5457 1409 5448 1411 5451 1410 5449 5450 1419 1420 1421 5463 5464 1422 1424 5465 5466 5467 
1425 1426 1430 1443 1427 5468 1429 5471 1440 1428 5469 5470 1441 5482 5483 1431 1442 1448 5484 1432 1438 1439 5485 5486 1433 1437 5476 5477 5478 5479 5480 5481 1434 5472 1436 5475 1435 5473 5474 1444 1445 1446 5487 5488 1447 1449 5489 5490 5491 
1450 1451 1455 1468 1452 5492 1454 5495 1465 1453 5493 5494 1466 5506 5507 1456 1467 1473 5508 1457 1463 1464 5509 5510 1458 1462 5500 5501 5502 5503 5504 5505 1459 5496 1461 5499 1460 5497 5498 1469 1470 1471 5511 5512 1472 1474 5513 5514 5515 
1475 1476 1480 1493 1477 5516 1479 5519 1490 1478 5517 5518 1491 5530 5531 1481 1492 1498 5532 1482 1488 1489 5533 5534 1483 1487 5524 5525 5526 5527 5528 5529 1484 5520 1486 5523 1485 5521 5522 1494 1495 1496 5535 5536 1497 1499 5537 5538 5539 
1500 1501 1505 1518 1502 5540 1504 5543 1515 1503 5541 5542 1516 5554 5555 1506 1517 1523 5556 1507 1513 1514 5557 5558 1508 1512 5548 5549 5550 5551 5552 5553 1509 5544 1511 5547 1510 5545 5546 1519 1520 1521 5559 5560 1522 1524 5561 5562 5563 
1525 1526 1530 1543 1527 5564 1529 5567 1540 1528 5565 5566 1541 5578 5579 1531 1542 1548 5580 1532 1538 1539 5581 5582 1533 1537 5572 5573 5574 5575 5576 5577 1534 5568 1536 5571 1535 5569 5570 1544 1545 1546 5583 5584 1547 1549 5585 5586 5587 
1550 1551 1555 1568 1552 5588 1554 5591 1565 1553 5589 5590 1566 5602 5603 1556 1567 1573 5604 1557 1563 1564 5605 5606 1558 1562 5596 5597 5598 5599 5600 5601 1559 5592 1561 5595 1560 5593 5594 1569 1570 1571 5607 5608 1572 1574 5609 5610 5611 
1575 1576 1580 1593 1577 5612 1579 5615 1590 1578 5613 5614 1591 5626 5627 1581 1592 1598 5628 1582 1588 1589 5629 5630 1583 1587 5620 5621 5622 5623 5624 5625 1584 5616 1586 5619 1585 5617 5618 1594 1595 1596 5631 5632 1597 1599 5633 5634 5635 
1600 1601 1605 1618 1602 5636 1604 5639 1615 1603 5637 5638 1616 5650 5651 1606 1617 1623 5652 1607 1613 1614 5653 5654 1608 1612 5644 5645 5646 5647 5648 5649 1609 5640 1611 5643 1610 5641 5642 1619 1620 1621 5655 5656 1622 1624 5657 5658 5659 
1625 1626 1630 1643 1627 5660 1629 5663 1640 1628 5661 5662 1641 5674 5675 1631 1642 1648 5676 1632 1638 1639 5677 5678 1633 1637 5668 5669 5670 5671 5672 5673 1634 5664 1636 5667 1635 5665 5666 1644 1645 1646 5679 5680 1647 1649 5681 5682 5683 
1650 1651 1655 1668 1652 5684 1654 5687 1665 1653 5685 5686 1666 5698 5699 1656 1667 1673 5700 1657 1663 1664 5701 5702 1658 1662 5692 5693 5694 5695 5696 5697 1659 5688 1661 5691 1660 5689 5690 1669 1670 1671 5703 5704 1672 1674 5705 5706 5707 
1675 1676 1680 1693 1677 5708 1679 5711 1690 1678 5709 5710 1691 5722 5723 1681 1692 1698 5724 1682 1688 1689 5725 5726 1683 1687 5716 5717 5718 5719 5720 5721 1684 5712 1686 5715 1685 5713 5714 1694 1695 1696 5727 5728 1697 1699 5729 5730 5731 
1700 1701 1705 1718 1702 5732 1704 5735 1715 1703 5733 5734 1716 5746 5747 1706 1717 1723 5748 1707 1713 1714 5749 5750 1708 1712 5740 5741 5742 5743 5744 5745 1709 5736 1711 5739 1710 5737 5738 1719 1720 1721 5751 5752 1722 1724 5753 5754 5755 
1725 1726 1730 1743 1727 5756 1729 5759 1740 1728 5757 5758 1741 5770 5771 1731 1742 1748 5772 1732 1738 1739 5773 5774 1733 1737 5764 5765 5766 5767 5768 5769 1734 5760 1736 5763 1735 5761 5762 1744 1745 1746 5775 5776 1747 1749 5777 5778 5779 
1750 1751 1755 1768 1752 5780 1754 5783 1765 1753 5781 5782 1766 5794 5795 1756 1767 1773 5796 1757 1763 1764 5797 5798 1758 1762 5788 5789 5790 5791 5792 5793 1759 5784 1761 5787 1760 5785 5786 1769 1770 1771 5799 5800 1772 1774 5801 5802 5803 
1775 1776 1780 1793 1777 5804 1779 5807 1790 1778 5805 5806 1791 5818 5819 1781 1792 1798 5820 1782 1788 1789 5821 5822 1783 1787 5812 5813 5814 5815 5816 5817 1784 5808 1786 5811 1785 5809 5810 1794 1795 1796 5823 5824 1797 1799 5825 5826 5827 
1800 1801 1805 1818 1802 5828 1804 5831 1815 1803 5829 5830 1816 5842 5843 1806 1817 1823 5844 1807 1813 1814 5845 5846 1808 1812 5836 5837 5838 5839 5840 5841 1809 5832 1811 5835 1810 5833 5834 1819 1820 1821 5847 5848 1822 1824 5849 5850 5851 
1825 1826 1830 1843 1827 5852 1829 5855 1840 1828 5853 5854 1841 5866 5867 1831 1842 1848 5868 1832 1838 1839 5869 5870 1833 1837 5860 5861 5862 5863 5864 5865 1834 5856 1836 5859 1835 5857 5858 1844 1845 1846 5871 5872 1847 1849 5873 5874 5875 
1850 1851 1855 1868 1852 5876 1854 5879 1865 1853 5877 5878 1866 5890 5891 1856 1867 1873 5892 1857 1863 1864 5893 5894 1858 1862 5884 5885 5886 5887 5888 5889 1859 5880 1861 5883 1860 5881 5882 1869 1870 1871 5895 5896 1872 1874 5897 5898 5899 
1875 1876 1880 1893 1877 5900 1879 5903 1890 1878 5901 5902 1891 5914 5915 1881 1892 1898 5916 1882 1888 1889 5917 5918 1883 1887 5908 5909 5910 5911 5912 5913 1884 5904 1886 5907 1885 5905 5906 1894 1895 1896 5919 5920 1897 1899 5921 5922 5923 
1900 1901 1905 1918 1902 5924 1904 5927 1915 1903 5925 5926 1916 5938 5939 1906 1917 1923 5940 1907 1913 1914 5941 5942 1908 1912 5932 5933 5934 5935 5936 5937 1909 5928 1911 5931 1910 5929 5930 1919 1920 1921 5943 5944 1922 1924 5945 5946 5947 
1925 1926 1930 1943 1927 5948 1929 5951 1940 1928 5949 5950 1941 5962 5963 1931 1942 1948 5964 1932 1938 1939 5965 5966 1933 1937 5956 5957 5958 5959 5960 5961 1934 5952 1936 5955 1935 5953 5954 1944 1945 1946 5967 5968 1947 1949 5969 5970 5971 
1950 1951 1955 1968 1952 5972 1954 5975 1965 1953 5973 5974 1966 5986 5987 1956 1967 1973 5988 1957 1963 1964 5989 5990 1958 1962 5980 5981 5982 5983 5984 5985 1959 5976 1961 5979 1960 5977 5978 1969 1970 1971 5991 5992 1972 1974 5993 5994 5995 
1975 1976 1980 1993 1977 5996 1979 5999 1990 1978 5997 5998 1991 6010 6011 1981 1992 1998 6012 1982 1988 1989 6013 6014 1983 1987 6004 6005 6006 6007 6008 6009 1984 6000 1986 6003 1985 6001 6002 1994 1995 1996 6015 6016 1997 1999 6017 6018 6019 
2000 2001 2005 2018 2002 6020 2004 6023 2015 2003 6021 6022 2016 6034 6035 2006 2017 2023 6036 2007 2013 2014 6037 6038 2008 2012 6028 6029 6030 6031 6032 6033 2009 6024 2011 6027 2010 6025 6026 2019 2020 2021 6039 6040 2022 2024 6041 6042 6043 
2025 2026 2030 2043 2027 6044 2029 6047 2040 2028 6045 6046 2041 6058 6059 2031 2042 2048 6060 2032 2038 2039 6061 6062 2033 2037 6052 6053 6054 6055 6056 6057 2034 6048 2036 6051 2035 6049 6050 2044 2045 2046 6063 6064 2047 2049 6065 6066 6067 
2050 2051 2055 2068 2052 6068 2054 6071 2065 2053 6069 6070 2066 6082 6083 2056 2067 2073 6084 2057 2063 2064 6085 6086 2058 2062 6076 6077 6078 6079 6080 6081 2059 6072 2061 6075 2060 6073 6074 2069 2070 2071 6087 6088 2072 2074 6089 6090 6091 
2075 2076 2080 2093 2077 6092 2079 6095 2090 2078 6093 6094 2091 6106 6107 2081 2092 2098 6108 2082 2088 2089 6109 6110 2083 2087 6100 6101 6102 6103 6104 6105 2084 6096 2086 6099 2085 6097 6098 2094 2095 2096 6111 6112 2097 2099 6113 6114 6115 
2100 2101 2105 2118 2102 6116 2104 6119 2115 2103 6117 6118 2116 6130 6131 2106 2117 2123 6132 2107 2113 2114 6133 6134 2108 2112 6124 6125 6126 6127 6128 6129 2109 6120 2111 6123 2110 6121 6122 2119 2120 2121 6135 6136 2122 2124 6137 6138 6139 
2125 2126 2130 2143 2127 6140 2129 6143 2140 2128 6141 6142 2141 6154 6155 2131 2142 2148 6156 2132 2138 2139 6157 6158 2133 2137 6148 6149 6150 6151 6152 6153 2134 6144 2136 6147 2135 6145 6146 2144 2145 2146 6159 6160 2147 2149 6161 6162 6163 
2150 2151 2155 2168 2152 6164 2154 6167 2165 2153 6165 6166 2166 6178 6179 2156 2167 2173 6180 2157 2163 2164 6181 6182 2158 2162 6172 6173 6174 6175 6176 6177 2159 6168 2161 6171 2160 6169 6170 2169 2170 2171 6183 6184 2172 2174 6185 6186 6187 
2175 2176 2180 2193 2177 6188 2179 6191 2190 2178 6189 6190 2191 6202 6203 2181 2192 2198 6204 2182 2188 2189 6205 6206 2183 2187 6196 6197 6198 6199 6200 6201 2184 6192 2186 6195 2185 6193 6194 2194 2195 2196 6207 6208 2197 2199 6209 6210 6211 
2200 2201 2205 2218 2202 6212 2204 6215 2215 2203 6213 6214 2216 6226 6227 2206 2217 2223 6228 2207 2213 2214 6229 6230 2208 2212 6220 6221 6222 6223 6224 6225 2209 6216 2211 6219 2210 6217 6218 2219 2220 2221 6231 6232 2222 2224 6233 6234 6235 
2225 2226 2230 2243 2227 6236 2229 6239 2240 2228 6237 6238 2241 6250 6251 2231 2242 2248 6252 2232 2238 2239 6253 6254 2233 2237 6244 6245 6246 6247 6248 6249 2234 6240 2236 6243 2235 6241 6242 2244 2245 2246 6255 6256 2247 2249 6257 6258 6259 
2250 2251 2255 2268 2252 6260 2254 6263 2265 2253 6261 6262 2266 6274 6275 2256 2267 2273 6276 2257 2263 2264 6277 6278 2258 2262 6268 6269 6270 6271 6272 6273 2259 6264 2261 6267 2260 6265 6266 2269 2270 2271 6279 6280 2272 2274 6281 6282 6283 
2275 2276 2280 2293 2277 6284 2279 6287 2290 2278 6285 6286 2291 6298 6299 2281 2292 2298 6300 2282 2288 2289 6301 6302 2283 2287 6292 6293 6294 6295 6296 6297 2284 6288 2286 6291 2285 6289 6290 2294 2295 2296 6303 6304 2297 2299 6305 6306 6307 
2300 2301 2305 2318 2302 6308 2304 6311 2315 2303 6309 6310 2316 6322 6323 2306 2317 2323 6324 2307 2313 2314 6325 6326 2308 2312 6316 6317 6318 6319 6320 6321 2309 6312 2311 6315 2310 6313 6314 2319 2320 2321 6327 6328 2322 2324 6329 6330 6331 
2325 2326 2330 2343 2327 6332 2329 6335 2340 2328 6333 6334 2341 6346 6347 2331 2342 2348 6348 2332 2338 2339 6349 6350 2333 2337 6340 6341 6342 6343 6344 6345 2334 6336 2336 6339 2335 6337 6338 2344 2345 2346 6351 6352 2347 2349 6353 6354 6355 
2350 2351 2355 2368 2352 6356 2354 6359 2365 2353 6357 6358 2366 6370 6371 2356 2367 2373 6372 2357 2363 2364 6373 6374 2358 2362 6364 6365 6366 6367 6368 6369 2359 6360 2361 6363 2360 6361 6362 2369 2370 2371 6375 6376 2372 2374 6377 6378 6379 
2375 2376 2380 2393 2377 6380 2379 6383 2390 2378 6381 6382 2391 6394 6395 2381 2392 2398 6396 2382 2388 2389 6397 6398 2383 2387 6388 6389 6390 6391 6392 6393 2384 6384 2386 6387 2385 6385 6386 2394 2395 2396 6399 6400 2397 2399 6401 6402 6403 
2400 2401 2405 2418 2402 6404 2404 6407 2415 2403 6405 6406 2416 6418 6419 2406 2417 2423 6420 2407 2413 2414 6421 6422 2408 2412 6412 6413 6414 6415 6416 6417 2409 6408 2411 6411 2410 6409 6410 2419 2420 2421 6423 6424 2422 2424 6425 6426 6427 
2425 2426 2430 2443 2427 6428 2429 6431 2440 2428 6429 6430 2441 6442 6443 2431 2442 2448 6444 2432 2438 2439 6445 6446 2433 2437 6436 6437 6438 6439 6440 6441 2434 6432 2436 6435 2435 6433 6434 2444 2445 2446 6447 6448 2447 2449 6449 6450 6451 
2450 2451 2455 2468 2452 6452 2454 6455 2465 2453 6453 6454 2466 6466 6467 2456 2467 2473 6468 2457 2463 2464 6469 6470 2458 2462 6460 6461 6462 6463 6464 6465 2459 6456 2461 6459 2460 6457 6458 2469 2470 2471 6471 6472 2472 2474 6473 6474 6475 
2475 2476 2480 2493 2477 6476 2479 6479 2490 2478 6477 6478 2491 6490 6491 2481 2492 2498 6492 2482 2488 2489 6493 6494 2483 2487 6484 6485 6486 6487 6488 6489 2484 6480 2486 6483 2485 6481 6482 2494 2495 2496 6495 6496 2497 2499 6497 6498 6499 
2500 2501 2505 2518 2502 6500 2504 6503 2515 2503 6501 6502 2516 6514 6515 2506 2517 2523 6516 2507 2513 2514 6517 6518 2508 2512 6508 6509 6510 6511 6512 6513 2509 6504 2511 6507 2510 6505 6506 2519 2520 2521 6519 6520 2522 2524 6521 6522 6523 
2525 2526 2530 2543 2527 6524 2529 6527 2540 2528 6525 6526 2541 6538 6539 2531 2542 2548 6540 2532 2538 2539 6541 6542 2533 2537 6532 6533 6534 6535 6536 6537 2534 6528 2536 6531 2535 6529 6530 2544 2545 2546 6543 6544 2547 2549 6545 6546 6547 
2550 2551 2555 2568 2552 6548 2554 6551 2565 2553 6549 6550 2566 6562 6563 2556 2567 2573 6564 2557 2563 2564 6565 6566 2558 2562 6556 6557 6558 6559 6560 6561 2559 6552 2561 6555 2560 6553 6554 2569 2570 2571 6567 6568 2572 2574 6569 6570 6571 
2575 2576 2580 2593 2577 6572 2579 6575 2590 2578 6573 6574 2591 6586 6587 2581 2592 2598 6588 2582 2588 2589 6589 6590 2583 2587 6580 6581 6582 6583 6584 6585 2584 6576 2586 6579 2585 6577 6578 2594 2595 2596 6591 6592 2597 2599 6593 6594 6595 
2600 2601 2605 2618 2602 6596 2604 6599 2615 2603 6597 6598 2616 6610 6611 2606 2617 2623 6612 2607 2613 2614 6613 6614 2608 2612 6604 6605 6606 6607 6608 6609 2609 6600 2611 6603 2610 6601 6602 2619 2620 2621 6615 6616 2622 2624 6617 6618 6619 
2625 2626 2630 2643 2627 6620 2629 6623 2640 2628 6621 6622 2641 6634 6635 2631 2642 2648 6636 2632 2638 2639 6637 6638 2633 2637 6628 6629 6630 6631 6632 6633 2634 6624 2636 6627 2635 6625 6626 2644 2645 2646 6639 6640 2647 2649 6641 6642 6643 
2650 2651 2655 2668 2652 6644 2654 6647 2665 2653 6645 6646 2666 6658 6659 2656 2667 2673 6660 2657 2663 2664 6661 6662 2658 2662 6652 6653 6654 6655 6656 6657 2659 6648 2661 6651 2660 6649 6650 2669 2670 2671 6663 6664 2672 2674 6665 6666 6667 
2675 2676 2680 2693 2677 6668 2679 6671 2690 2678 6669 6670 2691 6682 6683 2681 2692 2698 6684 2682 2688 2689 6685 6686 2683 2687 6676 6677 6678 6679 6680 6681 2684 6672 2686 6675 2685 6673 6674 2694 2695 2696 6687 6688 2697 2699 6689 6690 6691 
2700 2701 2705 2718 2702 6692 2704 6695 2715 2703 6693 6694 2716 6706 6707 2706 2717 2723 6708 2707 2713 2714 6709 6710 2708 2712 6700 6701 6702 6703 6704 6705 2709 6696 2711 6699 2710 6697 6698 2719 2720 2721 6711 6712 2722 2724 6713 6714 6715 
2725 2726 2730 2743 2727 6716 2729 6719 2740 2728 6717 6718 2741 6730 6731 2731 2742 2748 6732 2732 2738 2739 6733 6734 2733 2737 6724 6725 6726 6727 6728 6729 2734 6720 2736 6723 2735 6721 6722 2744 2745 2746 6735 6736 2747 2749 6737 6738 6739 
2750 2751 2755 2768 2752 6740 2754 6743 2765 2753 6741 6742 2766 6754 6755 2756 2767 2773 6756 2757 2763 2764 6757 6758 2758 2762 6748 6749 6750 6751 6752 6753 2759 6744 2761 6747 2760 6745 6746 2769 2770 2771 6759 6760 2772 2774 6761 6762 6763 
2775 2776 2780 2793 2777 6764 2779 6767 2790 2778 6765 6766 2791 6778 6779 2781 2792 2798 6780 2782 2788 2789 6781 6782 2783 2787 6772 6773 6774 6775 6776 6777 2784 6768 2786 6771 2785 6769 6770 2794 2795 2796 6783 6784 2797 2799 6785 6786 6787 
2800 2801 2805 2818 2802 6788 2804 6791 2815 2803 6789 6790 2816 6802 6803 2806 2817 2823 6804 2807 2813 2814 6805 6806 2808 2812 6796 6797 6798 6799 6800 6801 2809 6792 2811 6795 2810 6793 6794 2819 2820 2821 6807 6808 2822 2824 6809 6810 6811 
2825 2826 2830 2843 2827 6812 2829 6815 2840 2828 6813 6814 2841 6826 6827 2831 2842 2848 6828 2832 2838 2839 6829 6830 2833 2837 6820 6821 6822 6823 6824 6825 2834 6816 2836 6819 2835 6817 6818 2844 2845 2846 6831 6832 2847 2849 6833 6834 6835 
2850 2851 2855 2868 2852 6836 2854 6839 2865 2853 6837 6838 2866 6850 6851 2856 2867 2873 6852 2857 2863 2864 6853 6854 2858 2862 6844 6845 6846 6847 6848 6849 2859 6840 2861 6843 2860 6841 6842 2869 2870 2871 6855 6856 2872 2874 6857 6858 6859 
2875 2876 2880 2893 2877 6860 2879 6863 2890 2878 6861 6862 2891 6874 6875 2881 2892 2898 6876 2882 2888 2889 6877 6878 2883 2887 6868 6869 6870 6871 6872 6873 2884 6864 2886 6867 2885 6865 6866 2894 2895 2896 6879 6880 2897 2899 6881 6882 6883 
2900 2901 2905 2918 2902 6884 2904 6887 2915 2903 6885 6886 2916 6898 6899 2906 2917 2923 6900 2907 2913 2914 6901 6902 2908 2912 6892 6893 6894 6895 6896 6897 2909 6888 2911 6891 2910 6889 6890 2919 2920 2921 6903 6904 2922 2924 6905 6906 6907 
2925 2926 2930 2943 2927 6908 2929 6911 2940 2928 6909 6910 2941 6922 6923 2931 2942 2948 6924 2932 2938 2939 6925 6926 2933 2937 6916 6917 6918 6919 6920 6921 2934 6912 2936 6915 2935 6913 6914 2944 2945 2946 6927 6928 2947 2949 6929 6930 6931 
2950 2951 2955 2968 2952 6932 2954 6935 2965 2953 6933 6934 2966 6946 6947 2956 2967 2973 6948 2957 2963 2964 6949 6950 2958 2962 6940 6941 6942 6943 6944 6945 2959 6936 2961 6939 2960 6937 6938 2969 2970 2971 6951 6952 2972 2974 6953 6954 6955 
2975 2976 2980 2993 2977 6956 2979 6959 2990 2978 6957 6958 2991 6970 6971 2981 2992 2998 6972 2982 2988 2989 6973 6974 2983 2987 6964 6965 6966 6967 6968 6969 2984 6960 2986 6963 2985 6961 6962 2994 2995 2996 6975 6976 2997 2999 6977 6978 6979 
3000 3001 3005 3018 3002 6980 3004 6983 3015 3003 6981 6982 3016 6994 6995 3006 3017 3023 6996 3007 3013 3014 6997 6998 3008 3012 6988 6989 6990 6991 6992 6993 3009 6984 3011 6987 3010 6985 6986 3019 3020 3021 6999 7000 3022 3024 7001 7002 7003 
3025 3026 3030 3043 3027 7004 3029 7007 3040 3028 7005 7006 3041 7018 7019 3031 3042 3048 7020 3032 3038 3039 7021 7022 3033 3037 7012 7013 7014 7015 7016 7017 3034 7008 3036 7011 3035 7009 7010 3044 3045 3046 7023 7024 3047 3049 7025 7026 7027 
3050 3051 3055 3068 3052 7028 3054 7031 3065 3053 7029 7030 3066 7042 7043 3056 3067 3073 7044 3057 3063 3064 7045 7046 3058 3062 7036 7037 7038 7039 7040 7041 3059 7032 3061 7035 3060 7033 7034 3069 3070 3071 7047 7048 3072 3074 7049 7050 7051 
3075 3076 3080 3093 3077 7052 3079 7055 3090 3078 7053 7054 3091 7066 7067 3081 3092 3098 7068 3082 3088 3089 7069 7070 3083 3087 7060 7061 7062 7063 7064 7065 3084 7056 3086 7059 3085 7057 7058 3094 3095 3096 7071 7072 3097 3099 7073 7074 7075 
3100 3101 3105 3118 3102 7076 3104 7079 3115 3103 7077 7078 3116 7090 7091 3106 3117 3123 7092 3107 3113 3114 7093 7094 3108 3112 7084 7085 7086 7087 7088 7089 3109 7080 3111 7083 3110 7081 7082 3119 3120 3121 7095 7096 3122 3124 7097 7098 7099 
3125 3126 3130 3143 3127 7100 3129 7103 3140 3128 7101 7102 3141 7114 7115 3131 3142 3148 7116 3132 3138 3139 7117 7118 3133 3137 7108 7109 7110 7111 7112 7113 3134 7104 3136 7107 3135 7105 7106 3144 3145 3146 7119 7120 3147 3149 7121 7122 7123 
3150 3151 3155 3168 3152 7124 3154 7127 3165 3153 7125 7126 3166 7138 7139 3156 3167 3173 7140 3157 3163 3164 7141 7142 3158 3162 7132 7133 7134 7135 7136 7137 3159 7128 3161 7131 3160 7129 7130 3169 3170 3171 7143 7144 3172 3174 7145 7146 7147 
3175 3176 3180 3193 3177 7148 3179 7151 3190 3178 7149 7150 3191 7162 7163 3181 3192 3198 7164 3182 3188 3189 7165 7166 3183 3187 7156 7157 7158 7159 7160 7161 3184 7152 3186 7155 3185 7153 7154 3194 3195 3196 7167 7168 3197 3199 7169 7170 7171 
3200 3201 3205 3218 3202 7172 3204 7175 3215 3203 7173 7174 3216 7186 7187 3206 3217 3223 7188 3207 3213 3214 7189 7190 3208 3212 7180 7181 7182 7183 7184 7185 3209 7176 3211 7179 3210 7177 7178 3219 3220 3221 7191 7192 3222 3224 7193 7194 7195 
3225 3226 3230 3243 3227 7196 3229 7199 3240 3228 7197 7198 3241 7210 7211 3231 3242 3248 7212 3232 3238 3239 7213 7214 3233 3237 7204 7205 7206 7207 7208 7209 3234 7200 3236 7203 3235 7201 7202 3244 3245 3246 7215 7216 3247 3249 7217 7218 7219 
3250 3251 3255 3268 3252 7220 3254 7223 3265 3253 7221 7222 3266 7234 7235 3256 3267 3273 7236 3257 3263 3264 7237 7238 3258 3262 7228 7229 7230 7231 7232 7233 3259 7224 3261 7227 3260 7225 7226 3269 3270 3271 7239 7240 3272 3274 7241 7242 7243 
3275 3276 3280 3293 3277 7244 3279 7247 3290 3278 7245 7246 3291 7258 7259 3281 3292 3298 7260 3282 3288 3289 7261 7262 3283 3287 7252 7253 7254 7255 7256 7257 3284 7248 3286 7251 3285 7249 7250 3294 3295 3296 7263 7264 3297 3299 7265 7266 7267 
3300 3301 3305 3318 3302 7268 3304 7271 3315 3303 7269 7270 3316 7282 7283 3306 3317 3323 7284 3307 3313 3314 7285 7286 3308 3312 7276 7277 7278 7279 7280 7281 3309 7272 3311 7275 3310 7273 7274 3319 3320 3321 7287 7288 3322 3324 7289 7290 7291 
3325 3326 3330 3343 3327 7292 3329 7295 3340 3328 7293 7294 3341 7306 7307 3331 3342 3348 7308 3332 3338 3339 7309 7310 3333 3337 7300 7301 7302 7303 7304 7305 3334 7296 3336 7299 3335 7297 7298 3344 3345 3346 7311 7312 3347 3349 7313 7314 7315 
3350 3351 3355 3368 3352 7316 3354 7319 3365 3353 7317 7318 3366 7330 7331 3356 3367 3373 7332 3357 3363 3364 7333 7334 3358 3362 7324 7325 7326 7327 7328 7329 3359 7320 3361 7323 3360 7321 7322 3369 3370 3371 7335 7336 3372 3374 7337 7338 7339 
3375 3376 3380 3393 3377 7340 3379 7343 3390 3378 7341 7342 3391 7354 7355 3381 3392 3398 7356 3382 3388 3389 7357 7358 3383 3387 7348 7349 7350 7351 7352 7353 3384 7344 3386 7347 3385 7345 7346 3394 3395 3396 7359 7360 3397 3399 7361 7362 7363 
3400 3401 3405 3418 3402 7364 3404 7367 3415 3403 7365 7366 3416 7378 7379 3406 3417 3423 7380 3407 3413 3414 7381 7382 3408 3412 7372 7373 7374 7375 7376 7377 3409 7368 3411 7371 3410 7369 7370 3419 3420 3421 7383 7384 3422 3424 7385 7386 7387 
3425 3426 3430 3443 3427 7388 3429 7391 3440 3428 7389 7390 3441 7402 7403 3431 3442 3448 7404 3432 3438 3439 7405 7406 3433 3437 7396 7397 7398 7399 7400 7401 3434 7392 3436 7395 3435 7393 7394 3444 3445 3446 7407 7408 3447 3449 7409 7410 7411 
3450 3451 3455 3468 3452 7412 3454 7415 3465 3453 7413 7414 3466 7426 7427 3456 3467 3473 7428 3457 3463 3464 7429 7430 3458 3462 7420 7421 7422 7423 7424 7425 3459 7416 3461 7419 3460 7417 7418 3469 3470 3471 7431 7432 3472 3474 7433 7434 7435 
3475 3476 3480 3493 3477 7436 3479 7439 3490 3478 7437 7438 3491 7450 7451 3481 3492 3498 7452 3482 3488 3489 7453 7454 3483 3487 7444 7445 7446 7447 7448 7449 3484 7440 3486 7443 3485 7441 7442 3494 3495 3496 7455 7456 3497 3499 7457 7458 7459 
3500 3501 3505 3518 3502 7460 3504 7463 3515 3503 7461 7462 3516 7474 7475 3506 3517 3523 7476 3507 3513 3514 7477 7478 3508 3512 7468 7469 7470 7471 7472 7473 3509 7464 3511 7467 3510 7465 7466 3519 3520 3521 7479 7480 3522 3524 7481 7482 7483 
3525 3526 3530 3543 3527 7484 3529 7487 3540 3528 7485 7486 3541 7498 7499 3531 3542 3548 7500 3532 3538 3539 7501 7502 3533 3537 7492 7493 7494 7495 7496 7497 3534 7488 3536 7491 3535 7489 7490 3544 3545 3546 7503 7504 3547 3549 7505 7506 7507 
3550 3551 3555 3568 3552 7508 3554 7511 3565 3553 7509 7510 3566 7522 7523 3556 3567 3573 7524 3557 3563 3564 7525 7526 3558 3562 7516 7517 7518 7519 7520 7521 3559 7512 3561 7515 3560 7513 7514 3569 3570 3571 7527 7528 3572 3574 7529 7530 7531 
3575 3576 3580 3593 3577 7532 3579 7535 3590 3578 7533 7534 3591 7546 7547 3581 3592 3598 7548 3582 3588 3589 7549 7550 3583 3587 7540 7541 7542 7543 7544 7545 3584 7536 3586 7539 3585 7537 7538 3594 3595 3596 7551 7552 3597 3599 7553 7554 7555 
3600 3601 3605 3618 3602 7556 3604 7559 3615 3603 7557 7558 3616 7570 7571 3606 3617 3623 7572 3607 3613 3614 7573 7574 3608 3612 7564 7565 7566 7567 7568 7569 3609 7560 3611 7563 3610 7561 7562 3619 3620 3621 7575 7576 3622 3624 7577 7578 7579 
3625 3626 3630 3643 3627 7580 3629 7583 3640 3628 7581 7582 3641 7594 7595 3631 3642 3648 7596 3632 3638 3639 7597 7598 3633 3637 7588 7589 7590 7591 7592 7593 3634 7584 3636 7587 3635 7585 7586 3644 3645 3646 7599 7600 3647 3649 7601 7602 7603 
3650 3651 3655 3668 3652 7604 3654 7607 3665 3653 7605 7606 3666 7618 7619 3656 3667 3673 7620 3657 3663 3664 7621 7622 3658 3662 7612 7613 7614 7615 7616 7617 3659 7608 3661 7611 3660 7609 7610 3669 3670 3671 7623 7624 3672 3674 7625 7626 7627 
3675 3676 3680 3693 3677 7628 3679 7631 3690 3678 7629 7630 3691 7642 7643 3681 3692 3698 7644 3682 3688 3689 7645 7646 3683 3687 7636 7637 7638 7639 7640 7641 3684 7632 3686 7635 3685 7633 7634 3694 3695 3696 7647 7648 3697 3699 7649 7650 7651 
3700 3701 3705 3718 3702 7652 3704 7655 3715 3703 7653 7654 3716 7666 7667 3706 3717 3723 7668 3707 3713 3714 7669 7670 3708 3712 7660 7661 7662 7663 7664 7665 3709 7656 3711 7659 3710 7657 7658 3719 3720 3721 7671 7672 3722 3724 7673 7674 7675 
3725 3726 3730 3743 3727 7676 3729 7679 3740 3728 7677 7678 3741 7690 7691 3731 3742 3748 7692 3732 3738 3739 7693 7694 3733 3737 7684 7685 7686 7687 7688 7689 3734 7680 3736 7683 3735 7681 7682 3744 3745 3746 7695 7696 3747 3749 7697 7698 7699 
3750 3754 7700 7701 3755 7708 7709 3751 7710 7702 7703 3756 3752 7711 3753 7704 7705 7706 7707 
3757 3761 7712 7713 3762 7720 7721 3758 7722 7714 7715 3763 3759 7723 3760 7716 7717 7718 7719 
3764 3768 7724 7725 3769 7732 7733 3765 7734 7726 7727 3770 3766 7735 3767 7728 7729 7730 7731 
3771 3775 7736 7737 3776 7744 7745 3772 7746 7738 7739 3777 3773 7747 3774 7740 7741 7742 7743 
3778 3782 7748 7749 3783 7756 7757 3779 7758 7750 7751 3784 3780 7759 3781 7752 7753 7754 7755 
3785 3789 7760 7761 3790 7768 7769 3786 7770 7762 7763 3791 3787 7771 3788 7764 7765 7766 7767 
3792 3796 7772 7773 3797 7780 7781 3793 7782 7774 7775 3798 3794 7783 3795 7776 7777 7778 7779 
3799 3803 7784 7785 3804 7792 7793 3800 7794 7786 7787 3805 3801 7795 3802 7788 7789 7790 7791 
3806 3810 7796 7797 3811 7804 7805 3807 7806 7798 7799 3812 3808 7807 3809 7800 7801 7802 7803 
3813 3817 7808 7809 3818 7816 7817 3814 7818 7810 7811 3819 3815 7819 3816 7812 7813 7814 7815 
3820 3824 7820 7821 3825 7828 7829 3821 7830 7822 7823 3826 3822 7831 3823 7824 7825 7826 7827 
3827 3831 7832 7833 3832 7840 7841 3828 7842 7834 7835 3833 3829 7843 3830 7836 7837 7838 7839 
3834 3838 7844 7845 3839 7852 7853 3835 7854 7846 7847 3840 3836 7855 3837 7848 7849 7850 7851 
3841 3845 7856 7857 3846 7864 7865 3842 7866 7858 7859 3847 3843 7867 3844 7860 7861 7862 7863 
3848 3852 7868 7869 3853 7876 7877 3849 7878 7870 7871 3854 3850 7879 3851 7872 7873 7874 7875 
3855 3859 7880 7881 3860 7888 7889 3856 7890 7882 7883 3861 3857 7891 3858 7884 7885 7886 7887 
3862 3866 7892 7893 3867 7900 7901 3863 7902 7894 7895 3868 3864 7903 3865 7896 7897 7898 7899 
3869 3873 7904 7905 3874 7912 7913 3870 7914 7906 7907 3875 3871 7915 3872 7908 7909 7910 7911 
3876 3880 7916 7917 3881 7924 7925 3877 7926 7918 7919 3882 3878 7927 3879 7920 7921 7922 7923 
3883 3887 7928 7929 3888 7936 7937 3884 7938 7930 7931 3889 3885 7939 3886 7932 7933 7934 7935 
3890 3894 7940 7941 3895 7948 7949 3891 7950 7942 7943 3896 3892 7951 3893 7944 7945 7946 7947 
3897 3901 7952 7953 3902 7960 7961 3898 7962 7954 7955 3903 3899 7963 3900 7956 7957 7958 7959 
3904 3908 7964 7965 3909 7972 7973 3905 7974 7966 7967 3910 3906 7975 3907 7968 7969 7970 7971 
3911 3915 7976 7977 3916 7984 7985 3912 7986 7978 7979 3917 3913 7987 3914 7980 7981 7982 7983 
3918 3922 7988 7989 3923 7996 7997 3919 7998 7990 7991 3924 3920 7999 3921 7992 7993 7994 7995 
3925 3929 8000 8001 3930 8008 8009 3926 8010 8002 8003 3931 3927 8011 3928 8004 8005 8006 8007 
3932 3936 8012 8013 3937 8020 8021 3933 8022 8014 8015 3938 3934 8023 3935 8016 8017 8018 8019 
3939 3943 8024 8025 3944 8032 8033 3940 8034 8026 8027 3945 3941 8035 3942 8028 8029 8030 8031 
3946 3950 8036 8037 3951 8044 8045 3947 8046 8038 8039 3952 3948 8047 3949 8040 8041 8042 8043 
3953 3957 8048 8049 3958 8056 8057 3954 8058 8050 8051 3959 3955 8059 3956 8052 8053 8054 8055 
3960 3964 8060 8061 3965 8068 8069 3961 8070 8062 8063 3966 3962 8071 3963 8064 8065 8066 8067 
3967 3971 8072 8073 3972 8080 8081 3968 8082 8074 8075 3973 3969 8083 3970 8076 8077 8078 8079 
3974 3978 8084 8085 3979 8092 8093 3975 8094 8086 8087 3980 3976 8095 3977 8088 8089 8090 8091 
3981 3985 8096 8097 3986 8104 8105 3982 8106 8098 8099 3987 3983 8107 3984 8100 8101 8102 8103 
3988 3992 8108 8109 3993 8116 8117 3989 8118 8110 8111 3994 3990 8119 3991 8112 8113 8114 8115 
3995 3999 8120 8121 4000 8128 8129 3996 8130 8122 8123 4001 3997 8131 3998 8124 8125 8126 8127 
4002 4006 8132 8133 4007 8140 8141 4003 8142 8134 8135 4008 4004 8143 4005 8136 8137 8138 8139 
4009 4013 8144 8145 4014 8152 8153 4010 8154 8146 8147 4015 4011 8155 4012 8148 8149 8150 8151 
4016 4020 8156 8157 4021 8164 8165 4017 8166 8158 8159 4022 4018 8167 4019 8160 8161 8162 8163 
4023 4027 8168 8169 4028 8176 8177 4024 8178 8170 8171 4029 4025 8179 4026 8172 8173 8174 8175 
4030 4034 8180 8181 4035 8188 8189 4031 8190 8182 8183 4036 4032 8191 4033 8184 8185 8186 8187 
4037 4041 8192 8193 4042 8200 8201 4038 8202 8194 8195 4043 4039 8203 4040 8196 8197 8198 8199 
4044 4048 8204 8205 4049 8212 8213 4045 8214 8206 8207 4050 4046 8215 4047 8208 8209 8210 8211 
4051 4055 8216 8217 4056 8224 8225 4052 8226 8218 8219 4057 4053 8227 4054 8220 8221 8222 8223 
4058 4062 8228 8229 4063 8236 8237 4059 8238 8230 8231 4064 4060 8239 4061 8232 8233 8234 8235 
4065 4069 8240 8241 4070 8248 8249 4066 8250 8242 8243 4071 4067 8251 4068 8244 8245 8246 8247 
4072 4076 8252 8253 4077 8260 8261 4073 8262 8254 8255 4078 4074 8263 4075 8256 8257 8258 8259 
4079 4083 8264 8265 4084 8272 8273 4080 8274 8266 8267 4085 4081 8275 4082 8268 8269 8270 8271 
4086 4090 8276 8277 4091 8284 8285 4087 8286 8278 8279 4092 4088 8287 4089 8280 8281 8282 8283 
4093 4097 8288 8289 4098 8296 8297 4094 8298 8290 8291 4099 4095 8299 4096 8292 8293 8294 8295 
