0 1 5 18 2 3705 4 3708 15 3 3706 3707 16 3719 3720 6 17 23 3721 7 13 14 3722 3723 8 12 3713 3714 3715 3716 3717 3718 9 3709 11 3712 10 3710 3711 19 20 21 3724 3725 22 24 3726 3727 3728 
25 26 30 43 27 3729 29 3732 40 28 3730 3731 41 3743 3744 31 42 48 3745 32 38 39 3746 3747 33 37 3737 3738 3739 3740 3741 3742 34 3733 36 3736 35 3734 3735 44 45 46 3748 3749 47 49 3750 3751 3752 
50 51 55 68 52 3753 54 3756 65 53 3754 3755 66 3767 3768 56 67 73 3769 57 63 64 3770 3771 58 62 3761 3762 3763 3764 3765 3766 59 3757 61 3760 60 3758 3759 69 70 71 3772 3773 72 74 3774 3775 3776 
75 76 80 93 77 3777 79 3780 90 78 3778 3779 91 3791 3792 81 92 98 3793 82 88 89 3794 3795 83 87 3785 3786 3787 3788 3789 3790 84 3781 86 3784 85 3782 3783 94 95 96 3796 3797 97 99 3798 3799 3800 
100 101 105 118 102 3801 104 3804 115 103 3802 3803 116 3815 3816 106 117 123 3817 107 113 114 3818 3819 108 112 3809 3810 3811 3812 3813 3814 109 3805 111 3808 110 3806 3807 119 120 121 3820 3821 122 124 3822 3823 3824 
125 126 130 143 127 3825 129 3828 140 128 3826 3827 141 3839 3840 131 142 148 3841 132 138 139 3842 3843 133 137 3833 3834 3835 3836 3837 3838 134 3829 136 3832 135 3830 3831 144 145 146 3844 3845 147 149 3846 3847 3848 
150 151 155 168 152 3849 154 3852 165 153 3850 3851 166 3863 3864 156 167 173 3865 157 163 164 3866 3867 158 162 3857 3858 3859 3860 3861 3862 159 3853 161 3856 160 3854 3855 169 170 171 3868 3869 172 174 3870 3871 3872 
175 176 180 193 177 3873 179 3876 190 178 3874 3875 191 3887 3888 181 192 198 3889 182 188 189 3890 3891 183 187 3881 3882 3883 3884 3885 3886 184 3877 186 3880 185 3878 3879 194 195 196 3892 3893 197 199 3894 3895 3896 
200 201 205 218 202 3897 204 3900 215 203 3898 3899 216 3911 3912 206 217 223 3913 207 213 214 3914 3915 208 212 3905 3906 3907 3908 3909 3910 209 3901 211 3904 210 3902 3903 219 220 221 3916 3917 222 224 3918 3919 3920 
225 226 230 243 227 3921 229 3924 240 228 3922 3923 241 3935 3936 231 242 248 3937 232 238 239 3938 3939 233 237 3929 3930 3931 3932 3933 3934 234 3925 236 3928 235 3926 3927 244 245 246 3940 3941 247 249 3942 3943 3944 
250 251 255 268 252 3945 254 3948 265 253 3946 3947 266 3959 3960 256 267 273 3961 257 263 264 3962 3963 258 262 3953 3954 3955 3956 3957 3958 259 3949 261 3952 260 3950 3951 269 270 271 3964 3965 272 274 3966 3967 3968 
275 276 280 293 277 3969 279 3972 290 278 3970 3971 291 3983 3984 281 292 298 3985 282 288 289 3986 3987 283 287 3977 3978 3979 3980 3981 3982 284 3973 286 3976 285 3974 3975 294 295 296 3988 3989 297 299 3990 3991 3992 
300 301 305 318 302 3993 304 3996 315 303 3994 3995 316 4007 4008 306 317 323 4009 307 313 314 4010 4011 308 312 4001 4002 4003 4004 4005 4006 309 3997 311 4000 310 3998 3999 319 320 321 4012 4013 322 324 4014 4015 4016 
325 326 330 343 327 4017 329 4020 340 328 4018 4019 341 4031 4032 331 342 348 4033 332 338 339 4034 4035 333 337 4025 4026 4027 4028 4029 4030 334 4021 336 4024 335 4022 4023 344 345 346 4036 4037 347 349 4038 4039 4040 
350 351 355 368 352 4041 354 4044 365 353 4042 4043 366 4055 4056 356 367 373 4057 357 363 364 4058 4059 358 362 4049 4050 4051 4052 4053 4054 359 4045 361 4048 360 4046 4047 369 370 371 4060 4061 372 374 4062 4063 4064 
375 376 380 393 377 4065 379 4068 390 378 4066 4067 391 4079 4080 381 392 398 4081 382 388 389 4082 4083 383 387 4073 4074 4075 4076 4077 4078 384 4069 386 4072 385 4070 4071 394 395 396 4084 4085 397 399 4086 4087 4088 
400 401 405 418 402 4089 404 4092 415 403 4090 4091 416 4103 4104 406 417 423 4105 407 413 414 4106 4107 408 412 4097 4098 4099 4100 4101 4102 409 4093 411 4096 410 4094 4095 419 420 421 4108 4109 422 424 4110 4111 4112 
425 426 430 443 427 4113 429 4116 440 428 4114 4115 441 4127 4128 431 442 448 4129 432 438 439 4130 4131 433 437 4121 4122 4123 4124 4125 4126 434 4117 436 4120 435 4118 4119 444 445 446 4132 4133 447 449 4134 4135 4136 
450 451 455 468 452 4137 454 4140 465 453 4138 4139 466 4151 4152 456 467 473 4153 457 463 464 4154 4155 458 462 4145 4146 4147 4148 4149 4150 459 4141 461 4144 460 4142 4143 469 470 471 4156 4157 472 474 4158 4159 4160 
475 476 480 493 477 4161 479 4164 490 478 4162 4163 491 4175 4176 481 492 498 4177 482 488 489 4178 4179 483 487 4169 4170 4171 4172 4173 4174 484 4165 486 4168 485 4166 4167 494 495 496 4180 4181 497 499 4182 4183 4184 
500 501 505 518 502 4185 504 4188 515 503 4186 4187 516 4199 4200 506 517 523 4201 507 513 514 4202 4203 508 512 4193 4194 4195 4196 4197 4198 509 4189 511 4192 510 4190 4191 519 520 521 4204 4205 522 524 4206 4207 4208 
525 526 530 543 527 4209 529 4212 540 528 4210 4211 541 4223 4224 531 542 548 4225 532 538 539 4226 4227 533 537 4217 4218 4219 4220 4221 4222 534 4213 536 4216 535 4214 4215 544 545 546 4228 4229 547 549 4230 4231 4232 
550 551 555 568 552 4233 554 4236 565 553 4234 4235 566 4247 4248 556 567 573 4249 557 563 564 4250 4251 558 562 4241 4242 4243 4244 4245 4246 559 4237 561 4240 560 4238 4239 569 570 571 4252 4253 572 574 4254 4255 4256 
575 576 580 593 577 4257 579 4260 590 578 4258 4259 591 4271 4272 581 592 598 4273 582 588 589 4274 4275 583 587 4265 4266 4267 4268 4269 4270 584 4261 586 4264 585 4262 4263 594 595 596 4276 4277 597 599 4278 4279 4280 
600 601 605 618 602 4281 604 4284 615 603 4282 4283 616 4295 4296 606 617 623 4297 607 613 614 4298 4299 608 612 4289 4290 4291 4292 4293 4294 609 4285 611 4288 610 4286 4287 619 620 621 4300 4301 622 624 4302 4303 4304 
625 626 630 643 627 4305 629 4308 640 628 4306 4307 641 4319 4320 631 642 648 4321 632 638 639 4322 4323 633 637 4313 4314 4315 4316 4317 4318 634 4309 636 4312 635 4310 4311 644 645 646 4324 4325 647 649 4326 4327 4328 
650 651 655 668 652 4329 654 4332 665 653 4330 4331 666 4343 4344 656 667 673 4345 657 663 664 4346 4347 658 662 4337 4338 4339 4340 4341 4342 659 4333 661 4336 660 4334 4335 669 670 671 4348 4349 672 674 4350 4351 4352 
675 676 680 693 677 4353 679 4356 690 678 4354 4355 691 4367 4368 681 692 698 4369 682 688 689 4370 4371 683 687 4361 4362 4363 4364 4365 4366 684 4357 686 4360 685 4358 4359 694 695 696 4372 4373 697 699 4374 4375 4376 
700 701 705 718 702 4377 704 4380 715 703 4378 4379 716 4391 4392 706 717 723 4393 707 713 714 4394 4395 708 712 4385 4386 4387 4388 4389 4390 709 4381 711 4384 710 4382 4383 719 720 721 4396 4397 722 724 4398 4399 4400 
725 726 730 743 727 4401 729 4404 740 728 4402 4403 741 4415 4416 731 742 748 4417 732 738 739 4418 4419 733 737 4409 4410 4411 4412 4413 4414 734 4405 736 4408 735 4406 4407 744 745 746 4420 4421 747 749 4422 4423 4424 
750 751 755 768 752 4425 754 4428 765 753 4426 4427 766 4439 4440 756 767 773 4441 757 763 764 4442 4443 758 762 4433 4434 4435 4436 4437 4438 759 4429 761 4432 760 4430 4431 769 770 771 4444 4445 772 774 4446 4447 4448 
775 776 780 793 777 4449 779 4452 790 778 4450 4451 791 4463 4464 781 792 798 4465 782 788 789 4466 4467 783 787 4457 4458 4459 4460 4461 4462 784 4453 786 4456 785 4454 4455 794 795 796 4468 4469 797 799 4470 4471 4472 
800 801 805 818 802 4473 804 4476 815 803 4474 4475 816 4487 4488 806 817 823 4489 807 813 814 4490 4491 808 812 4481 4482 4483 4484 4485 4486 809 4477 811 4480 810 4478 4479 819 820 821 4492 4493 822 824 4494 4495 4496 
825 826 830 843 827 4497 829 4500 840 828 4498 4499 841 4511 4512 831 842 848 4513 832 838 839 4514 4515 833 837 4505 4506 4507 4508 4509 4510 834 4501 836 4504 835 4502 4503 844 845 846 4516 4517 847 849 4518 4519 4520 
850 851 855 868 852 4521 854 4524 865 853 4522 4523 866 4535 4536 856 867 873 4537 857 863 864 4538 4539 858 862 4529 4530 4531 4532 4533 4534 859 4525 861 4528 860 4526 4527 869 870 871 4540 4541 872 874 4542 4543 4544 
875 876 880 893 877 4545 879 4548 890 878 4546 4547 891 4559 4560 881 892 898 4561 882 888 889 4562 4563 883 887 4553 4554 4555 4556 4557 4558 884 4549 886 4552 885 4550 4551 894 895 896 4564 4565 897 899 4566 4567 4568 
900 901 905 918 902 4569 904 4572 915 903 4570 4571 916 4583 4584 906 917 923 4585 907 913 914 4586 4587 908 912 4577 4578 4579 4580 4581 4582 909 4573 911 4576 910 4574 4575 919 920 921 4588 4589 922 924 4590 4591 4592 
925 926 930 943 927 4593 929 4596 940 928 4594 4595 941 4607 4608 931 942 948 4609 932 938 939 4610 4611 933 937 4601 4602 4603 4604 4605 4606 934 4597 936 4600 935 4598 4599 944 945 946 4612 4613 947 949 4614 4615 4616 
950 951 955 968 952 4617 954 4620 965 953 4618 4619 966 4631 4632 956 967 973 4633 957 963 964 4634 4635 958 962 4625 4626 4627 4628 4629 4630 959 4621 961 4624 960 4622 4623 969 970 971 4636 4637 972 974 4638 4639 4640 
975 976 980 993 977 4641 979 4644 990 978 4642 4643 991 4655 4656 981 992 998 4657 982 988 989 4658 4659 983 987 4649 4650 4651 4652 4653 4654 984 4645 986 4648 985 4646 4647 994 995 996 4660 4661 997 999 4662 4663 4664 
1000 1001 1005 1018 1002 4665 1004 4668 1015 1003 4666 4667 1016 4679 4680 1006 1017 1023 4681 1007 1013 1014 4682 4683 1008 1012 4673 4674 4675 4676 4677 4678 1009 4669 1011 4672 1010 4670 4671 1019 1020 1021 4684 4685 1022 1024 4686 4687 4688 
1025 1026 1030 1043 1027 4689 1029 4692 1040 1028 4690 4691 1041 4703 4704 1031 1042 1048 4705 1032 1038 1039 4706 4707 1033 1037 4697 4698 4699 4700 4701 4702 1034 4693 1036 4696 1035 4694 4695 1044 1045 1046 4708 4709 1047 1049 4710 4711 4712 
1050 1051 1055 1068 1052 4713 1054 4716 1065 1053 4714 4715 1066 4727 4728 1056 1067 1073 4729 1057 1063 1064 4730 4731 1058 1062 4721 4722 4723 4724 4725 4726 1059 4717 1061 4720 1060 4718 4719 1069 1070 1071 4732 4733 1072 1074 4734 4735 4736 
1075 1076 1080 1093 1077 4737 1079 4740 1090 1078 4738 4739 1091 4751 4752 1081 1092 1098 4753 1082 1088 1089 4754 4755 1083 1087 4745 4746 4747 4748 4749 4750 1084 4741 1086 4744 1085 4742 4743 1094 1095 1096 4756 4757 1097 1099 4758 4759 4760 
1100 1101 1105 1118 1102 4761 1104 4764 1115 1103 4762 4763 1116 4775 4776 1106 1117 1123 4777 1107 1113 1114 4778 4779 1108 1112 4769 4770 4771 4772 4773 4774 1109 4765 1111 4768 1110 4766 4767 1119 1120 1121 4780 4781 1122 1124 4782 4783 4784 
1125 1126 1130 1143 1127 4785 1129 4788 1140 1128 4786 4787 1141 4799 4800 1131 1142 1148 4801 1132 1138 1139 4802 4803 1133 1137 4793 4794 4795 4796 4797 4798 1134 4789 1136 4792 1135 4790 4791 1144 1145 1146 4804 4805 1147 1149 4806 4807 4808 
1150 1151 1155 1168 1152 4809 1154 4812 1165 1153 4810 4811 1166 4823 4824 1156 1167 1173 4825 1157 1163 1164 4826 4827 1158 1162 4817 4818 4819 4820 4821 4822 1159 4813 1161 4816 1160 4814 4815 1169 1170 1171 4828 4829 1172 1174 4830 4831 4832 
1175 1176 1180 1193 1177 4833 1179 4836 1190 1178 4834 4835 1191 4847 4848 1181 1192 1198 4849 1182 1188 1189 4850 4851 1183 1187 4841 4842 4843 4844 4845 4846 1184 4837 1186 4840 1185 4838 4839 1194 1195 1196 4852 4853 1197 1199 4854 4855 4856 
1200 1201 1205 1218 1202 4857 1204 4860 1215 1203 4858 4859 1216 4871 4872 1206 1217 1223 4873 1207 1213 1214 4874 4875 1208 1212 4865 4866 4867 4868 4869 4870 1209 4861 1211 4864 1210 4862 4863 1219 1220 1221 4876 4877 1222 1224 4878 4879 4880 
1225 1226 1230 1243 1227 4881 1229 4884 1240 1228 4882 4883 1241 4895 4896 1231 1242 1248 4897 1232 1238 1239 4898 4899 1233 1237 4889 4890 4891 4892 4893 4894 1234 4885 1236 4888 1235 4886 4887 1244 1245 1246 4900 4901 1247 1249 4902 4903 4904 
1250 1251 1255 1268 1252 4905 1254 4908 1265 1253 4906 4907 1266 4919 4920 1256 1267 1273 4921 1257 1263 1264 4922 4923 1258 1262 4913 4914 4915 4916 4917 4918 1259 4909 1261 4912 1260 4910 4911 1269 1270 1271 4924 4925 1272 1274 4926 4927 4928 
1275 1276 1280 1293 1277 4929 1279 4932 1290 1278 4930 4931 1291 4943 4944 1281 1292 1298 4945 1282 1288 1289 4946 4947 1283 1287 4937 4938 4939 4940 4941 4942 1284 4933 1286 4936 1285 4934 4935 1294 1295 1296 4948 4949 1297 1299 4950 4951 4952 
1300 1301 1305 1318 1302 4953 1304 4956 1315 1303 4954 4955 1316 4967 4968 1306 1317 1323 4969 1307 1313 1314 4970 4971 1308 1312 4961 4962 4963 4964 4965 4966 1309 4957 1311 4960 1310 4958 4959 1319 1320 1321 4972 4973 1322 1324 4974 4975 4976 
1325 1326 1330 1343 1327 4977 1329 4980 1340 1328 4978 4979 1341 4991 4992 1331 1342 1348 4993 1332 1338 1339 4994 4995 1333 1337 4985 4986 4987 4988 4989 4990 1334 4981 1336 4984 1335 4982 4983 1344 1345 1346 4996 4997 1347 1349 4998 4999 5000 
1350 1351 1355 1368 1352 5001 1354 5004 1365 1353 5002 5003 1366 5015 5016 1356 1367 1373 5017 1357 1363 1364 5018 5019 1358 1362 5009 5010 5011 5012 5013 5014 1359 5005 1361 5008 1360 5006 5007 1369 1370 1371 5020 5021 1372 1374 5022 5023 5024 
1375 1376 1380 1393 1377 5025 1379 5028 1390 1378 5026 5027 1391 5039 5040 1381 1392 1398 5041 1382 1388 1389 5042 5043 1383 1387 5033 5034 5035 5036 5037 5038 1384 5029 1386 5032 1385 5030 5031 1394 1395 1396 5044 5045 1397 1399 5046 5047 5048 
1400 1401 1405 1418 1402 5049 1404 5052 1415 1403 5050 5051 1416 5063 5064 1406 1417 1423 5065 1407 1413 1414 5066 5067 1408 1412 5057 5058 5059 5060 5061 5062 1409 5053 1411 5056 1410 5054 5055 1419 1420 1421 5068 5069 1422 1424 5070 5071 5072 
1425 1426 1430 1443 1427 5073 1429 5076 1440 1428 5074 5075 1441 5087 5088 1431 1442 1448 5089 1432 1438 1439 5090 5091 1433 1437 5081 5082 5083 5084 5085 5086 1434 5077 1436 5080 1435 5078 5079 1444 1445 1446 5092 5093 1447 1449 5094 5095 5096 
1450 1451 1455 1468 1452 5097 1454 5100 1465 1453 5098 5099 1466 5111 5112 1456 1467 1473 5113 1457 1463 1464 5114 5115 1458 1462 5105 5106 5107 5108 5109 5110 1459 5101 1461 5104 1460 5102 5103 1469 1470 1471 5116 5117 1472 1474 5118 5119 5120 
1475 1476 1480 1493 1477 5121 1479 5124 1490 1478 5122 5123 1491 5135 5136 1481 1492 1498 5137 1482 1488 1489 5138 5139 1483 1487 5129 5130 5131 5132 5133 5134 1484 5125 1486 5128 1485 5126 5127 1494 1495 1496 5140 5141 1497 1499 5142 5143 5144 
1500 1501 1505 1518 1502 5145 1504 5148 1515 1503 5146 5147 1516 5159 5160 1506 1517 1523 5161 1507 1513 1514 5162 5163 1508 1512 5153 5154 5155 5156 5157 5158 1509 5149 1511 5152 1510 5150 5151 1519 1520 1521 5164 5165 1522 1524 5166 5167 5168 
1525 1526 1530 1543 1527 5169 1529 5172 1540 1528 5170 5171 1541 5183 5184 1531 1542 1548 5185 1532 1538 1539 5186 5187 1533 1537 5177 5178 5179 5180 5181 5182 1534 5173 1536 5176 1535 5174 5175 1544 1545 1546 5188 5189 1547 1549 5190 5191 5192 
1550 1551 1555 1568 1552 5193 1554 5196 1565 1553 5194 5195 1566 5207 5208 1556 1567 1573 5209 1557 1563 1564 5210 5211 1558 1562 5201 5202 5203 5204 5205 5206 1559 5197 1561 5200 1560 5198 5199 1569 1570 1571 5212 5213 1572 1574 5214 5215 5216 
1575 1576 1580 1593 1577 5217 1579 5220 1590 1578 5218 5219 1591 5231 5232 1581 1592 1598 5233 1582 1588 1589 5234 5235 1583 1587 5225 5226 5227 5228 5229 5230 1584 5221 1586 5224 1585 5222 5223 1594 1595 1596 5236 5237 1597 1599 5238 5239 5240 
1600 1601 1605 1618 1602 5241 1604 5244 1615 1603 5242 5243 1616 5255 5256 1606 1617 1623 5257 1607 1613 1614 5258 5259 1608 1612 5249 5250 5251 5252 5253 5254 1609 5245 1611 5248 1610 5246 5247 1619 1620 1621 5260 5261 1622 1624 5262 5263 5264 
1625 1626 1630 1643 1627 5265 1629 5268 1640 1628 5266 5267 1641 5279 5280 1631 1642 1648 5281 1632 1638 1639 5282 5283 1633 1637 5273 5274 5275 5276 5277 5278 1634 5269 1636 5272 1635 5270 5271 1644 1645 1646 5284 5285 1647 1649 5286 5287 5288 
1650 1651 1655 1668 1652 5289 1654 5292 1665 1653 5290 5291 1666 5303 5304 1656 1667 1673 5305 1657 1663 1664 5306 5307 1658 1662 5297 5298 5299 5300 5301 5302 1659 5293 1661 5296 1660 5294 5295 1669 1670 1671 5308 5309 1672 1674 5310 5311 5312 
1675 1676 1680 1693 1677 5313 1679 5316 1690 1678 5314 5315 1691 5327 5328 1681 1692 1698 5329 1682 1688 1689 5330 5331 1683 1687 5321 5322 5323 5324 5325 5326 1684 5317 1686 5320 1685 5318 5319 1694 1695 1696 5332 5333 1697 1699 5334 5335 5336 
1700 1701 1705 1718 1702 5337 1704 5340 1715 1703 5338 5339 1716 5351 5352 1706 1717 1723 5353 1707 1713 1714 5354 5355 1708 1712 5345 5346 5347 5348 5349 5350 1709 5341 1711 5344 1710 5342 5343 1719 1720 1721 5356 5357 1722 1724 5358 5359 5360 
1725 1726 1730 1743 1727 5361 1729 5364 1740 1728 5362 5363 1741 5375 5376 1731 1742 1748 5377 1732 1738 1739 5378 5379 1733 1737 5369 5370 5371 5372 5373 5374 1734 5365 1736 5368 1735 5366 5367 1744 1745 1746 5380 5381 1747 1749 5382 5383 5384 
1750 1751 1755 1768 1752 5385 1754 5388 1765 1753 5386 5387 1766 5399 5400 1756 1767 1773 5401 1757 1763 1764 5402 5403 1758 1762 5393 5394 5395 5396 5397 5398 1759 5389 1761 5392 1760 5390 5391 1769 1770 1771 5404 5405 1772 1774 5406 5407 5408 
1775 1776 1780 1793 1777 5409 1779 5412 1790 1778 5410 5411 1791 5423 5424 1781 1792 1798 5425 1782 1788 1789 5426 5427 1783 1787 5417 5418 5419 5420 5421 5422 1784 5413 1786 5416 1785 5414 5415 1794 1795 1796 5428 5429 1797 1799 5430 5431 5432 
1800 1801 1805 1818 1802 5433 1804 5436 1815 1803 5434 5435 1816 5447 5448 1806 1817 1823 5449 1807 1813 1814 5450 5451 1808 1812 5441 5442 5443 5444 5445 5446 1809 5437 1811 5440 1810 5438 5439 1819 1820 1821 5452 5453 1822 1824 5454 5455 5456 
1825 1826 1830 1843 1827 5457 1829 5460 1840 1828 5458 5459 1841 5471 5472 1831 1842 1848 5473 1832 1838 1839 5474 5475 1833 1837 5465 5466 5467 5468 5469 5470 1834 5461 1836 5464 1835 5462 5463 1844 1845 1846 5476 5477 1847 1849 5478 5479 5480 
1850 1851 1855 1868 1852 5481 1854 5484 1865 1853 5482 5483 1866 5495 5496 1856 1867 1873 5497 1857 1863 1864 5498 5499 1858 1862 5489 5490 5491 5492 5493 5494 1859 5485 1861 5488 1860 5486 5487 1869 1870 1871 5500 5501 1872 1874 5502 5503 5504 
1875 1876 1880 1893 1877 5505 1879 5508 1890 1878 5506 5507 1891 5519 5520 1881 1892 1898 5521 1882 1888 1889 5522 5523 1883 1887 5513 5514 5515 5516 5517 5518 1884 5509 1886 5512 1885 5510 5511 1894 1895 1896 5524 5525 1897 1899 5526 5527 5528 
1900 1901 1905 1918 1902 5529 1904 5532 1915 1903 5530 5531 1916 5543 5544 1906 1917 1923 5545 1907 1913 1914 5546 5547 1908 1912 5537 5538 5539 5540 5541 5542 1909 5533 1911 5536 1910 5534 5535 1919 1920 1921 5548 5549 1922 1924 5550 5551 5552 
1925 1926 1930 1943 1927 5553 1929 5556 1940 1928 5554 5555 1941 5567 5568 1931 1942 1948 5569 1932 1938 1939 5570 5571 1933 1937 5561 5562 5563 5564 5565 5566 1934 5557 1936 5560 1935 5558 5559 1944 1945 1946 5572 5573 1947 1949 5574 5575 5576 
1950 1951 1955 1968 1952 5577 1954 5580 1965 1953 5578 5579 1966 5591 5592 1956 1967 1973 5593 1957 1963 1964 5594 5595 1958 1962 5585 5586 5587 5588 5589 5590 1959 5581 1961 5584 1960 5582 5583 1969 1970 1971 5596 5597 1972 1974 5598 5599 5600 
1975 1976 1980 1993 1977 5601 1979 5604 1990 1978 5602 5603 1991 5615 5616 1981 1992 1998 5617 1982 1988 1989 5618 5619 1983 1987 5609 5610 5611 5612 5613 5614 1984 5605 1986 5608 1985 5606 5607 1994 1995 1996 5620 5621 1997 1999 5622 5623 5624 
2000 2001 2005 2018 2002 5625 2004 5628 2015 2003 5626 5627 2016 5639 5640 2006 2017 2023 5641 2007 2013 2014 5642 5643 2008 2012 5633 5634 5635 5636 5637 5638 2009 5629 2011 5632 2010 5630 5631 2019 2020 2021 5644 5645 2022 2024 5646 5647 5648 
2025 2026 2030 2043 2027 5649 2029 5652 2040 2028 5650 5651 2041 5663 5664 2031 2042 2048 5665 2032 2038 2039 5666 5667 2033 2037 5657 5658 5659 5660 5661 5662 2034 5653 2036 5656 2035 5654 5655 2044 2045 2046 5668 5669 2047 2049 5670 5671 5672 
2050 2051 2055 2068 2052 5673 2054 5676 2065 2053 5674 5675 2066 5687 5688 2056 2067 2073 5689 2057 2063 2064 5690 5691 2058 2062 5681 5682 5683 5684 5685 5686 2059 5677 2061 5680 2060 5678 5679 2069 2070 2071 5692 5693 2072 2074 5694 5695 5696 
2075 2076 2080 2093 2077 5697 2079 5700 2090 2078 5698 5699 2091 5711 5712 2081 2092 2098 5713 2082 2088 2089 5714 5715 2083 2087 5705 5706 5707 5708 5709 5710 2084 5701 2086 5704 2085 5702 5703 2094 2095 2096 5716 5717 2097 2099 5718 5719 5720 
2100 2101 2105 2118 2102 5721 2104 5724 2115 2103 5722 5723 2116 5735 5736 2106 2117 2123 5737 2107 2113 2114 5738 5739 2108 2112 5729 5730 5731 5732 5733 5734 2109 5725 2111 5728 2110 5726 5727 2119 2120 2121 5740 5741 2122 2124 5742 5743 5744 
2125 2126 2130 2143 2127 5745 2129 5748 2140 2128 5746 5747 2141 5759 5760 2131 2142 2148 5761 2132 2138 2139 5762 5763 2133 2137 5753 5754 5755 5756 5757 5758 2134 5749 2136 5752 2135 5750 5751 2144 2145 2146 5764 5765 2147 2149 5766 5767 5768 
2150 2151 2155 2168 2152 5769 2154 5772 2165 2153 5770 5771 2166 5783 5784 2156 2167 2173 5785 2157 2163 2164 5786 5787 2158 2162 5777 5778 5779 5780 5781 5782 2159 5773 2161 5776 2160 5774 5775 2169 2170 2171 5788 5789 2172 2174 5790 5791 5792 
2175 2176 2180 2193 2177 5793 2179 5796 2190 2178 5794 5795 2191 5807 5808 2181 2192 2198 5809 2182 2188 2189 5810 5811 2183 2187 5801 5802 5803 5804 5805 5806 2184 5797 2186 5800 2185 5798 5799 2194 2195 2196 5812 5813 2197 2199 5814 5815 5816 
2200 2201 2205 2218 2202 5817 2204 5820 2215 2203 5818 5819 2216 5831 5832 2206 2217 2223 5833 2207 2213 2214 5834 5835 2208 2212 5825 5826 5827 5828 5829 5830 2209 5821 2211 5824 2210 5822 5823 2219 2220 2221 5836 5837 2222 2224 5838 5839 5840 
2225 2226 2230 2243 2227 5841 2229 5844 2240 2228 5842 5843 2241 5855 5856 2231 2242 2248 5857 2232 2238 2239 5858 5859 2233 2237 5849 5850 5851 5852 5853 5854 2234 5845 2236 5848 2235 5846 5847 2244 2245 2246 5860 5861 2247 2249 5862 5863 5864 
2250 2251 2255 2268 2252 5865 2254 5868 2265 2253 5866 5867 2266 5879 5880 2256 2267 2273 5881 2257 2263 2264 5882 5883 2258 2262 5873 5874 5875 5876 5877 5878 2259 5869 2261 5872 2260 5870 5871 2269 2270 2271 5884 5885 2272 2274 5886 5887 5888 
2275 2276 2280 2293 2277 5889 2279 5892 2290 2278 5890 5891 2291 5903 5904 2281 2292 2298 5905 2282 2288 2289 5906 5907 2283 2287 5897 5898 5899 5900 5901 5902 2284 5893 2286 5896 2285 5894 5895 2294 2295 2296 5908 5909 2297 2299 5910 5911 5912 
2300 2301 2305 2318 2302 5913 2304 5916 2315 2303 5914 5915 2316 5927 5928 2306 2317 2323 5929 2307 2313 2314 5930 5931 2308 2312 5921 5922 5923 5924 5925 5926 2309 5917 2311 5920 2310 5918 5919 2319 2320 2321 5932 5933 2322 2324 5934 5935 5936 
2325 2326 2330 2343 2327 5937 2329 5940 2340 2328 5938 5939 2341 5951 5952 2331 2342 2348 5953 2332 2338 2339 5954 5955 2333 2337 5945 5946 5947 5948 5949 5950 2334 5941 2336 5944 2335 5942 5943 2344 2345 2346 5956 5957 2347 2349 5958 5959 5960 
2350 2351 2355 2368 2352 5961 2354 5964 2365 2353 5962 5963 2366 5975 5976 2356 2367 2373 5977 2357 2363 2364 5978 5979 2358 2362 5969 5970 5971 5972 5973 5974 2359 5965 2361 5968 2360 5966 5967 2369 2370 2371 5980 5981 2372 2374 5982 5983 5984 
2375 2376 2380 2393 2377 5985 2379 5988 2390 2378 5986 5987 2391 5999 6000 2381 2392 2398 6001 2382 2388 2389 6002 6003 2383 2387 5993 5994 5995 5996 5997 5998 2384 5989 2386 5992 2385 5990 5991 2394 2395 2396 6004 6005 2397 2399 6006 6007 6008 
2400 2401 2405 2418 2402 6009 2404 6012 2415 2403 6010 6011 2416 6023 6024 2406 2417 2423 6025 2407 2413 2414 6026 6027 2408 2412 6017 6018 6019 6020 6021 6022 2409 6013 2411 6016 2410 6014 6015 2419 2420 2421 6028 6029 2422 2424 6030 6031 6032 
2425 2426 2430 2443 2427 6033 2429 6036 2440 2428 6034 6035 2441 6047 6048 2431 2442 2448 6049 2432 2438 2439 6050 6051 2433 2437 6041 6042 6043 6044 6045 6046 2434 6037 2436 6040 2435 6038 6039 2444 2445 2446 6052 6053 2447 2449 6054 6055 6056 
2450 2451 2455 2468 2452 6057 2454 6060 2465 2453 6058 6059 2466 6071 6072 2456 2467 2473 6073 2457 2463 2464 6074 6075 2458 2462 6065 6066 6067 6068 6069 6070 2459 6061 2461 6064 2460 6062 6063 2469 2470 2471 6076 6077 2472 2474 6078 6079 6080 
2475 2476 2480 2493 2477 6081 2479 6084 2490 2478 6082 6083 2491 6095 6096 2481 2492 2498 6097 2482 2488 2489 6098 6099 2483 2487 6089 6090 6091 6092 6093 6094 2484 6085 2486 6088 2485 6086 6087 2494 2495 2496 6100 6101 2497 2499 6102 6103 6104 
2500 2501 2505 2518 2502 6105 2504 6108 2515 2503 6106 6107 2516 6119 6120 2506 2517 2523 6121 2507 2513 2514 6122 6123 2508 2512 6113 6114 6115 6116 6117 6118 2509 6109 2511 6112 2510 6110 6111 2519 2520 2521 6124 6125 2522 2524 6126 6127 6128 
2525 2526 2530 2543 2527 6129 2529 6132 2540 2528 6130 6131 2541 6143 6144 2531 2542 2548 6145 2532 2538 2539 6146 6147 2533 2537 6137 6138 6139 6140 6141 6142 2534 6133 2536 6136 2535 6134 6135 2544 2545 2546 6148 6149 2547 2549 6150 6151 6152 
2550 2551 2555 2568 2552 6153 2554 6156 2565 2553 6154 6155 2566 6167 6168 2556 2567 2573 6169 2557 2563 2564 6170 6171 2558 2562 6161 6162 6163 6164 6165 6166 2559 6157 2561 6160 2560 6158 6159 2569 2570 2571 6172 6173 2572 2574 6174 6175 6176 
2575 2576 2580 2593 2577 6177 2579 6180 2590 2578 6178 6179 2591 6191 6192 2581 2592 2598 6193 2582 2588 2589 6194 6195 2583 2587 6185 6186 6187 6188 6189 6190 2584 6181 2586 6184 2585 6182 6183 2594 2595 2596 6196 6197 2597 2599 6198 6199 6200 
2600 2601 2605 2618 2602 6201 2604 6204 2615 2603 6202 6203 2616 6215 6216 2606 2617 2623 6217 2607 2613 2614 6218 6219 2608 2612 6209 6210 6211 6212 6213 6214 2609 6205 2611 6208 2610 6206 6207 2619 2620 2621 6220 6221 2622 2624 6222 6223 6224 
2625 2626 2630 2643 2627 6225 2629 6228 2640 2628 6226 6227 2641 6239 6240 2631 2642 2648 6241 2632 2638 2639 6242 6243 2633 2637 6233 6234 6235 6236 6237 6238 2634 6229 2636 6232 2635 6230 6231 2644 2645 2646 6244 6245 2647 2649 6246 6247 6248 
2650 2651 2655 2668 2652 6249 2654 6252 2665 2653 6250 6251 2666 6263 6264 2656 2667 2673 6265 2657 2663 2664 6266 6267 2658 2662 6257 6258 6259 6260 6261 6262 2659 6253 2661 6256 2660 6254 6255 2669 2670 2671 6268 6269 2672 2674 6270 6271 6272 
2675 2676 2680 2693 2677 6273 2679 6276 2690 2678 6274 6275 2691 6287 6288 2681 2692 2698 6289 2682 2688 2689 6290 6291 2683 2687 6281 6282 6283 6284 6285 6286 2684 6277 2686 6280 2685 6278 6279 2694 2695 2696 6292 6293 2697 2699 6294 6295 6296 
2700 2701 2705 2718 2702 6297 2704 6300 2715 2703 6298 6299 2716 6311 6312 2706 2717 2723 6313 2707 2713 2714 6314 6315 2708 2712 6305 6306 6307 6308 6309 6310 2709 6301 2711 6304 2710 6302 6303 2719 2720 2721 6316 6317 2722 2724 6318 6319 6320 
2725 2726 2730 2743 2727 6321 2729 6324 2740 2728 6322 6323 2741 6335 6336 2731 2742 2748 6337 2732 2738 2739 6338 6339 2733 2737 6329 6330 6331 6332 6333 6334 2734 6325 2736 6328 2735 6326 6327 2744 2745 2746 6340 6341 2747 2749 6342 6343 6344 
2750 2751 2755 2768 2752 6345 2754 6348 2765 2753 6346 6347 2766 6359 6360 2756 2767 2773 6361 2757 2763 2764 6362 6363 2758 2762 6353 6354 6355 6356 6357 6358 2759 6349 2761 6352 2760 6350 6351 2769 2770 2771 6364 6365 2772 2774 6366 6367 6368 
2775 2776 2780 2793 2777 6369 2779 6372 2790 2778 6370 6371 2791 6383 6384 2781 2792 2798 6385 2782 2788 2789 6386 6387 2783 2787 6377 6378 6379 6380 6381 6382 2784 6373 2786 6376 2785 6374 6375 2794 2795 2796 6388 6389 2797 2799 6390 6391 6392 
2800 2801 2805 2818 2802 6393 2804 6396 2815 2803 6394 6395 2816 6407 6408 2806 2817 2823 6409 2807 2813 2814 6410 6411 2808 2812 6401 6402 6403 6404 6405 6406 2809 6397 2811 6400 2810 6398 6399 2819 2820 2821 6412 6413 2822 2824 6414 6415 6416 
2825 2826 2830 2843 2827 6417 2829 6420 2840 2828 6418 6419 2841 6431 6432 2831 2842 2848 6433 2832 2838 2839 6434 6435 2833 2837 6425 6426 6427 6428 6429 6430 2834 6421 2836 6424 2835 6422 6423 2844 2845 2846 6436 6437 2847 2849 6438 6439 6440 
2850 2851 2855 2868 2852 6441 2854 6444 2865 2853 6442 6443 2866 6455 6456 2856 2867 2873 6457 2857 2863 2864 6458 6459 2858 2862 6449 6450 6451 6452 6453 6454 2859 6445 2861 6448 2860 6446 6447 2869 2870 2871 6460 6461 2872 2874 6462 6463 6464 
2875 2876 2880 2893 2877 6465 2879 6468 2890 2878 6466 6467 2891 6479 6480 2881 2892 2898 6481 2882 2888 2889 6482 6483 2883 2887 6473 6474 6475 6476 6477 6478 2884 6469 2886 6472 2885 6470 6471 2894 2895 2896 6484 6485 2897 2899 6486 6487 6488 
2900 2901 2905 2918 2902 6489 2904 6492 2915 2903 6490 6491 2916 6503 6504 2906 2917 2923 6505 2907 2913 2914 6506 6507 2908 2912 6497 6498 6499 6500 6501 6502 2909 6493 2911 6496 2910 6494 6495 2919 2920 2921 6508 6509 2922 2924 6510 6511 6512 
2925 2926 2930 2943 2927 6513 2929 6516 2940 2928 6514 6515 2941 6527 6528 2931 2942 2948 6529 2932 2938 2939 6530 6531 2933 2937 6521 6522 6523 6524 6525 6526 2934 6517 2936 6520 2935 6518 6519 2944 2945 2946 6532 6533 2947 2949 6534 6535 6536 
2950 2951 2955 2968 2952 6537 2954 6540 2965 2953 6538 6539 2966 6551 6552 2956 2967 2973 6553 2957 2963 2964 6554 6555 2958 2962 6545 6546 6547 6548 6549 6550 2959 6541 2961 6544 2960 6542 6543 2969 2970 2971 6556 6557 2972 2974 6558 6559 6560 
2975 2976 2980 2993 2977 6561 2979 6564 2990 2978 6562 6563 2991 6575 6576 2981 2992 2998 6577 2982 2988 2989 6578 6579 2983 2987 6569 6570 6571 6572 6573 6574 2984 6565 2986 6568 2985 6566 6567 2994 2995 2996 6580 6581 2997 2999 6582 6583 6584 
3000 3001 3005 3018 3002 6585 3004 6588 3015 3003 6586 6587 3016 6599 6600 3006 3017 3023 6601 3007 3013 3014 6602 6603 3008 3012 6593 6594 6595 6596 6597 6598 3009 6589 3011 6592 3010 6590 6591 3019 3020 3021 6604 6605 3022 3024 6606 6607 6608 
3025 3026 3030 3043 3027 6609 3029 6612 3040 3028 6610 6611 3041 6623 6624 3031 3042 3048 6625 3032 3038 3039 6626 6627 3033 3037 6617 6618 6619 6620 6621 6622 3034 6613 3036 6616 3035 6614 6615 3044 3045 3046 6628 6629 3047 3049 6630 6631 6632 
3050 3051 3055 3068 3052 6633 3054 6636 3065 3053 6634 6635 3066 6647 6648 3056 3067 3073 6649 3057 3063 3064 6650 6651 3058 3062 6641 6642 6643 6644 6645 6646 3059 6637 3061 6640 3060 6638 6639 3069 3070 3071 6652 6653 3072 3074 6654 6655 6656 
3075 3076 3080 3093 3077 6657 3079 6660 3090 3078 6658 6659 3091 6671 6672 3081 3092 3098 6673 3082 3088 3089 6674 6675 3083 3087 6665 6666 6667 6668 6669 6670 3084 6661 3086 6664 3085 6662 6663 3094 3095 3096 6676 6677 3097 3099 6678 6679 6680 
3100 3101 3105 3118 3102 6681 3104 6684 3115 3103 6682 6683 3116 6695 6696 3106 3117 3123 6697 3107 3113 3114 6698 6699 3108 3112 6689 6690 6691 6692 6693 6694 3109 6685 3111 6688 3110 6686 6687 3119 3120 3121 6700 6701 3122 3124 6702 6703 6704 
3125 3126 3130 3143 3127 6705 3129 6708 3140 3128 6706 6707 3141 6719 6720 3131 3142 3148 6721 3132 3138 3139 6722 6723 3133 3137 6713 6714 6715 6716 6717 6718 3134 6709 3136 6712 3135 6710 6711 3144 3145 3146 6724 6725 3147 3149 6726 6727 6728 
3150 3151 3155 3168 3152 6729 3154 6732 3165 3153 6730 6731 3166 6743 6744 3156 3167 3173 6745 3157 3163 3164 6746 6747 3158 3162 6737 6738 6739 6740 6741 6742 3159 6733 3161 6736 3160 6734 6735 3169 3170 3171 6748 6749 3172 3174 6750 6751 6752 
3175 3176 3180 3193 3177 6753 3179 6756 3190 3178 6754 6755 3191 6767 6768 3181 3192 3198 6769 3182 3188 3189 6770 6771 3183 3187 6761 6762 6763 6764 6765 6766 3184 6757 3186 6760 3185 6758 6759 3194 3195 3196 6772 6773 3197 3199 6774 6775 6776 
3200 3201 3205 3218 3202 6777 3204 6780 3215 3203 6778 6779 3216 6791 6792 3206 3217 3223 6793 3207 3213 3214 6794 6795 3208 3212 6785 6786 6787 6788 6789 6790 3209 6781 3211 6784 3210 6782 6783 3219 3220 3221 6796 6797 3222 3224 6798 6799 6800 
3225 3226 3230 3243 3227 6801 3229 6804 3240 3228 6802 6803 3241 6815 6816 3231 3242 3248 6817 3232 3238 3239 6818 6819 3233 3237 6809 6810 6811 6812 6813 6814 3234 6805 3236 6808 3235 6806 6807 3244 3245 3246 6820 6821 3247 3249 6822 6823 6824 
3250 3251 3256 6825 6826 3252 6827 6828 6837 6838 3253 6829 6830 3254 6831 6832 3255 6833 6834 6835 6836 
3257 3258 3263 6839 6840 3259 6841 6842 6851 6852 3260 6843 6844 3261 6845 6846 3262 6847 6848 6849 6850 
3264 3265 3270 6853 6854 3266 6855 6856 6865 6866 3267 6857 6858 3268 6859 6860 3269 6861 6862 6863 6864 
3271 3272 3277 6867 6868 3273 6869 6870 6879 6880 3274 6871 6872 3275 6873 6874 3276 6875 6876 6877 6878 
3278 3279 3284 6881 6882 3280 6883 6884 6893 6894 3281 6885 6886 3282 6887 6888 3283 6889 6890 6891 6892 
3285 3286 3291 6895 6896 3287 6897 6898 6907 6908 3288 6899 6900 3289 6901 6902 3290 6903 6904 6905 6906 
3292 3293 3298 6909 6910 3294 6911 6912 6921 6922 3295 6913 6914 3296 6915 6916 3297 6917 6918 6919 6920 
3299 3300 3305 6923 6924 3301 6925 6926 6935 6936 3302 6927 6928 3303 6929 6930 3304 6931 6932 6933 6934 
3306 3307 3312 6937 6938 3308 6939 6940 6949 6950 3309 6941 6942 3310 6943 6944 3311 6945 6946 6947 6948 
3313 3314 3319 6951 6952 3315 6953 6954 6963 6964 3316 6955 6956 3317 6957 6958 3318 6959 6960 6961 6962 
3320 3321 3326 6965 6966 3322 6967 6968 6977 6978 3323 6969 6970 3324 6971 6972 3325 6973 6974 6975 6976 
3327 3328 3333 6979 6980 3329 6981 6982 6991 6992 3330 6983 6984 3331 6985 6986 3332 6987 6988 6989 6990 
3334 3335 3340 6993 6994 3336 6995 6996 7005 7006 3337 6997 6998 3338 6999 7000 3339 7001 7002 7003 7004 
3341 3342 3347 7007 7008 3343 7009 7010 7019 7020 3344 7011 7012 3345 7013 7014 3346 7015 7016 7017 7018 
3348 3349 3354 7021 7022 3350 7023 7024 7033 7034 3351 7025 7026 3352 7027 7028 3353 7029 7030 7031 7032 
3355 3356 3361 7035 7036 3357 7037 7038 7047 7048 3358 7039 7040 3359 7041 7042 3360 7043 7044 7045 7046 
3362 3363 3368 7049 7050 3364 7051 7052 7061 7062 3365 7053 7054 3366 7055 7056 3367 7057 7058 7059 7060 
3369 3370 3375 7063 7064 3371 7065 7066 7075 7076 3372 7067 7068 3373 7069 7070 3374 7071 7072 7073 7074 
3376 3377 3382 7077 7078 3378 7079 7080 7089 7090 3379 7081 7082 3380 7083 7084 3381 7085 7086 7087 7088 
3383 3384 3389 7091 7092 3385 7093 7094 7103 7104 3386 7095 7096 3387 7097 7098 3388 7099 7100 7101 7102 
3390 3391 3396 7105 7106 3392 7107 7108 7117 7118 3393 7109 7110 3394 7111 7112 3395 7113 7114 7115 7116 
3397 3398 3403 7119 7120 3399 7121 7122 7131 7132 3400 7123 7124 3401 7125 7126 3402 7127 7128 7129 7130 
3404 3405 3410 7133 7134 3406 7135 7136 7145 7146 3407 7137 7138 3408 7139 7140 3409 7141 7142 7143 7144 
3411 3412 3417 7147 7148 3413 7149 7150 7159 7160 3414 7151 7152 3415 7153 7154 3416 7155 7156 7157 7158 
3418 3419 3424 7161 7162 3420 7163 7164 7173 7174 3421 7165 7166 3422 7167 7168 3423 7169 7170 7171 7172 
3425 3426 3431 7175 7176 3427 7177 7178 7187 7188 3428 7179 7180 3429 7181 7182 3430 7183 7184 7185 7186 
3432 3433 3438 7189 7190 3434 7191 7192 7201 7202 3435 7193 7194 3436 7195 7196 3437 7197 7198 7199 7200 
3439 3440 3445 7203 7204 3441 7205 7206 7215 7216 3442 7207 7208 3443 7209 7210 3444 7211 7212 7213 7214 
3446 3447 3452 7217 7218 3448 7219 7220 7229 7230 3449 7221 7222 3450 7223 7224 3451 7225 7226 7227 7228 
3453 3454 3459 7231 7232 3455 7233 7234 7243 7244 3456 7235 7236 3457 7237 7238 3458 7239 7240 7241 7242 
3460 3461 3466 7245 7246 3462 7247 7248 7257 7258 3463 7249 7250 3464 7251 7252 3465 7253 7254 7255 7256 
3467 3468 3473 7259 7260 3469 7261 7262 7271 7272 3470 7263 7264 3471 7265 7266 3472 7267 7268 7269 7270 
3474 3475 3480 7273 7274 3476 7275 7276 7285 7286 3477 7277 7278 3478 7279 7280 3479 7281 7282 7283 7284 
3481 3482 3487 7287 7288 3483 7289 7290 7299 7300 3484 7291 7292 3485 7293 7294 3486 7295 7296 7297 7298 
3488 3489 3494 7301 7302 3490 7303 7304 7313 7314 3491 7305 7306 3492 7307 7308 3493 7309 7310 7311 7312 
3495 3496 3501 7315 7316 3497 7317 7318 7327 7328 3498 7319 7320 3499 7321 7322 3500 7323 7324 7325 7326 
3502 3503 3508 7329 7330 3504 7331 7332 7341 7342 3505 7333 7334 3506 7335 7336 3507 7337 7338 7339 7340 
3509 3510 3515 7343 7344 3511 7345 7346 7355 7356 3512 7347 7348 3513 7349 7350 3514 7351 7352 7353 7354 
3516 3517 3522 7357 7358 3518 7359 7360 7369 7370 3519 7361 7362 3520 7363 7364 3521 7365 7366 7367 7368 
3523 3524 3529 7371 7372 3525 7373 7374 7383 7384 3526 7375 7376 3527 7377 7378 3528 7379 7380 7381 7382 
3530 3531 3536 7385 7386 3532 7387 7388 7397 7398 3533 7389 7390 3534 7391 7392 3535 7393 7394 7395 7396 
3537 3538 3543 7399 7400 3539 7401 7402 7411 7412 3540 7403 7404 3541 7405 7406 3542 7407 7408 7409 7410 
3544 3545 3550 7413 7414 3546 7415 7416 7425 7426 3547 7417 7418 3548 7419 7420 3549 7421 7422 7423 7424 
3551 3552 3557 7427 7428 3553 7429 7430 7439 7440 3554 7431 7432 3555 7433 7434 3556 7435 7436 7437 7438 
3558 3559 3564 7441 7442 3560 7443 7444 7453 7454 3561 7445 7446 3562 7447 7448 3563 7449 7450 7451 7452 
3565 3566 3571 7455 7456 3567 7457 7458 7467 7468 3568 7459 7460 3569 7461 7462 3570 7463 7464 7465 7466 
3572 3573 3578 7469 7470 3574 7471 7472 7481 7482 3575 7473 7474 3576 7475 7476 3577 7477 7478 7479 7480 
3579 3580 3585 7483 7484 3581 7485 7486 7495 7496 3582 7487 7488 3583 7489 7490 3584 7491 7492 7493 7494 
3586 3587 3592 7497 7498 3588 7499 7500 7509 7510 3589 7501 7502 3590 7503 7504 3591 7505 7506 7507 7508 
3593 3594 3599 7511 7512 3595 7513 7514 7523 7524 3596 7515 7516 3597 7517 7518 3598 7519 7520 7521 7522 
3600 3601 3606 7525 7526 3602 7527 7528 7537 7538 3603 7529 7530 3604 7531 7532 3605 7533 7534 7535 7536 
3607 3608 3613 7539 7540 3609 7541 7542 7551 7552 3610 7543 7544 3611 7545 7546 3612 7547 7548 7549 7550 
3614 3615 3620 7553 7554 3616 7555 7556 7565 7566 3617 7557 7558 3618 7559 7560 3619 7561 7562 7563 7564 
3621 3622 3627 7567 7568 3623 7569 7570 7579 7580 3624 7571 7572 3625 7573 7574 3626 7575 7576 7577 7578 
3628 3629 3634 7581 7582 3630 7583 7584 7593 7594 3631 7585 7586 3632 7587 7588 3633 7589 7590 7591 7592 
3635 3636 3641 7595 7596 3637 7597 7598 7607 7608 3638 7599 7600 3639 7601 7602 3640 7603 7604 7605 7606 
3642 3643 3648 7609 7610 3644 7611 7612 7621 7622 3645 7613 7614 3646 7615 7616 3647 7617 7618 7619 7620 
3649 3650 3655 7623 7624 3651 7625 7626 7635 7636 3652 7627 7628 3653 7629 7630 3654 7631 7632 7633 7634 
3656 3657 3662 7637 7638 3658 7639 7640 7649 7650 3659 7641 7642 3660 7643 7644 3661 7645 7646 7647 7648 
3663 3664 3669 7651 7652 3665 7653 7654 7663 7664 3666 7655 7656 3667 7657 7658 3668 7659 7660 7661 7662 
3670 3671 3676 7665 7666 3672 7667 7668 7677 7678 3673 7669 7670 3674 7671 7672 3675 7673 7674 7675 7676 
3677 3678 3683 7679 7680 3679 7681 7682 7691 7692 3680 7683 7684 3681 7685 7686 3682 7687 7688 7689 7690 
3684 3685 3690 7693 7694 3686 7695 7696 7705 7706 3687 7697 7698 3688 7699 7700 3689 7701 7702 7703 7704 
3691 3692 3697 7707 7708 3693 7709 7710 7719 7720 3694 7711 7712 3695 7713 7714 3696 7715 7716 7717 7718 
3698 3699 3704 7721 7722 3700 7723 7724 7733 7734 3701 7725 7726 3702 7727 7728 3703 7729 7730 7731 7732 
