0 1 5 18 2 3892 4 3895 15 3 3893 3894 16 3906 3907 6 17 23 3908 7 13 14 3909 3910 8 12 3900 3901 3902 3903 3904 3905 9 3896 11 3899 10 3897 3898 19 20 21 3911 3912 22 24 3913 3914 3915 
25 26 30 43 27 3916 29 3919 40 28 3917 3918 41 3930 3931 31 42 48 3932 32 38 39 3933 3934 33 37 3924 3925 3926 3927 3928 3929 34 3920 36 3923 35 3921 3922 44 45 46 3935 3936 47 49 3937 3938 3939 
50 51 55 68 52 3940 54 3943 65 53 3941 3942 66 3954 3955 56 67 73 3956 57 63 64 3957 3958 58 62 3948 3949 3950 3951 3952 3953 59 3944 61 3947 60 3945 3946 69 70 71 3959 3960 72 74 3961 3962 3963 
75 76 80 93 77 3964 79 3967 90 78 3965 3966 91 3978 3979 81 92 98 3980 82 88 89 3981 3982 83 87 3972 3973 3974 3975 3976 3977 84 3968 86 3971 85 3969 3970 94 95 96 3983 3984 97 99 3985 3986 3987 
100 101 105 118 102 3988 104 3991 115 103 3989 3990 116 4002 4003 106 117 123 4004 107 113 114 4005 4006 108 112 3996 3997 3998 3999 4000 4001 109 3992 111 3995 110 3993 3994 119 120 121 4007 4008 122 124 4009 4010 4011 
125 126 130 143 127 4012 129 4015 140 128 4013 4014 141 4026 4027 131 142 148 4028 132 138 139 4029 4030 133 137 4020 4021 4022 4023 4024 4025 134 4016 136 4019 135 4017 4018 144 145 146 4031 4032 147 149 4033 4034 4035 
150 151 155 168 152 4036 154 4039 165 153 4037 4038 166 4050 4051 156 167 173 4052 157 163 164 4053 4054 158 162 4044 4045 4046 4047 4048 4049 159 4040 161 4043 160 4041 4042 169 170 171 4055 4056 172 174 4057 4058 4059 
175 176 180 193 177 4060 179 4063 190 178 4061 4062 191 4074 4075 181 192 198 4076 182 188 189 4077 4078 183 187 4068 4069 4070 4071 4072 4073 184 4064 186 4067 185 4065 4066 194 195 196 4079 4080 197 199 4081 4082 4083 
200 201 205 218 202 4084 204 4087 215 203 4085 4086 216 4098 4099 206 217 223 4100 207 213 214 4101 4102 208 212 4092 4093 4094 4095 4096 4097 209 4088 211 4091 210 4089 4090 219 220 221 4103 4104 222 224 4105 4106 4107 
225 226 230 243 227 4108 229 4111 240 228 4109 4110 241 4122 4123 231 242 248 4124 232 238 239 4125 4126 233 237 4116 4117 4118 4119 4120 4121 234 4112 236 4115 235 4113 4114 244 245 246 4127 4128 247 249 4129 4130 4131 
250 251 255 268 252 4132 254 4135 265 253 4133 4134 266 4146 4147 256 267 273 4148 257 263 264 4149 4150 258 262 4140 4141 4142 4143 4144 4145 259 4136 261 4139 260 4137 4138 269 270 271 4151 4152 272 274 4153 4154 4155 
275 276 280 293 277 4156 279 4159 290 278 4157 4158 291 4170 4171 281 292 298 4172 282 288 289 4173 4174 283 287 4164 4165 4166 4167 4168 4169 284 4160 286 4163 285 4161 4162 294 295 296 4175 4176 297 299 4177 4178 4179 
300 301 305 318 302 4180 304 4183 315 303 4181 4182 316 4194 4195 306 317 323 4196 307 313 314 4197 4198 308 312 4188 4189 4190 4191 4192 4193 309 4184 311 4187 310 4185 4186 319 320 321 4199 4200 322 324 4201 4202 4203 
325 326 330 343 327 4204 329 4207 340 328 4205 4206 341 4218 4219 331 342 348 4220 332 338 339 4221 4222 333 337 4212 4213 4214 4215 4216 4217 334 4208 336 4211 335 4209 4210 344 345 346 4223 4224 347 349 4225 4226 4227 
350 351 355 368 352 4228 354 4231 365 353 4229 4230 366 4242 4243 356 367 373 4244 357 363 364 4245 4246 358 362 4236 4237 4238 4239 4240 4241 359 4232 361 4235 360 4233 4234 369 370 371 4247 4248 372 374 4249 4250 4251 
375 376 380 393 377 4252 379 4255 390 378 4253 4254 391 4266 4267 381 392 398 4268 382 388 389 4269 4270 383 387 4260 4261 4262 4263 4264 4265 384 4256 386 4259 385 4257 4258 394 395 396 4271 4272 397 399 4273 4274 4275 
400 401 405 418 402 4276 404 4279 415 403 4277 4278 416 4290 4291 406 417 423 4292 407 413 414 4293 4294 408 412 4284 4285 4286 4287 4288 4289 409 4280 411 4283 410 4281 4282 419 420 421 4295 4296 422 424 4297 4298 4299 
425 426 430 443 427 4300 429 4303 440 428 4301 4302 441 4314 4315 431 442 448 4316 432 438 439 4317 4318 433 437 4308 4309 4310 4311 4312 4313 434 4304 436 4307 435 4305 4306 444 445 446 4319 4320 447 449 4321 4322 4323 
450 451 455 468 452 4324 454 4327 465 453 4325 4326 466 4338 4339 456 467 473 4340 457 463 464 4341 4342 458 462 4332 4333 4334 4335 4336 4337 459 4328 461 4331 460 4329 4330 469 470 471 4343 4344 472 474 4345 4346 4347 
475 476 480 493 477 4348 479 4351 490 478 4349 4350 491 4362 4363 481 492 498 4364 482 488 489 4365 4366 483 487 4356 4357 4358 4359 4360 4361 484 4352 486 4355 485 4353 4354 494 495 496 4367 4368 497 499 4369 4370 4371 
500 501 505 518 502 4372 504 4375 515 503 4373 4374 516 4386 4387 506 517 523 4388 507 513 514 4389 4390 508 512 4380 4381 4382 4383 4384 4385 509 4376 511 4379 510 4377 4378 519 520 521 4391 4392 522 524 4393 4394 4395 
525 526 530 543 527 4396 529 4399 540 528 4397 4398 541 4410 4411 531 542 548 4412 532 538 539 4413 4414 533 537 4404 4405 4406 4407 4408 4409 534 4400 536 4403 535 4401 4402 544 545 546 4415 4416 547 549 4417 4418 4419 
550 551 555 568 552 4420 554 4423 565 553 4421 4422 566 4434 4435 556 567 573 4436 557 563 564 4437 4438 558 562 4428 4429 4430 4431 4432 4433 559 4424 561 4427 560 4425 4426 569 570 571 4439 4440 572 574 4441 4442 4443 
575 576 580 593 577 4444 579 4447 590 578 4445 4446 591 4458 4459 581 592 598 4460 582 588 589 4461 4462 583 587 4452 4453 4454 4455 4456 4457 584 4448 586 4451 585 4449 4450 594 595 596 4463 4464 597 599 4465 4466 4467 
600 601 605 618 602 4468 604 4471 615 603 4469 4470 616 4482 4483 606 617 623 4484 607 613 614 4485 4486 608 612 4476 4477 4478 4479 4480 4481 609 4472 611 4475 610 4473 4474 619 620 621 4487 4488 622 624 4489 4490 4491 
625 626 630 643 627 4492 629 4495 640 628 4493 4494 641 4506 4507 631 642 648 4508 632 638 639 4509 4510 633 637 4500 4501 4502 4503 4504 4505 634 4496 636 4499 635 4497 4498 644 645 646 4511 4512 647 649 4513 4514 4515 
650 651 655 668 652 4516 654 4519 665 653 4517 4518 666 4530 4531 656 667 673 4532 657 663 664 4533 4534 658 662 4524 4525 4526 4527 4528 4529 659 4520 661 4523 660 4521 4522 669 670 671 4535 4536 672 674 4537 4538 4539 
675 676 680 693 677 4540 679 4543 690 678 4541 4542 691 4554 4555 681 692 698 4556 682 688 689 4557 4558 683 687 4548 4549 4550 4551 4552 4553 684 4544 686 4547 685 4545 4546 694 695 696 4559 4560 697 699 4561 4562 4563 
700 701 705 718 702 4564 704 4567 715 703 4565 4566 716 4578 4579 706 717 723 4580 707 713 714 4581 4582 708 712 4572 4573 4574 4575 4576 4577 709 4568 711 4571 710 4569 4570 719 720 721 4583 4584 722 724 4585 4586 4587 
725 726 730 743 727 4588 729 4591 740 728 4589 4590 741 4602 4603 731 742 748 4604 732 738 739 4605 4606 733 737 4596 4597 4598 4599 4600 4601 734 4592 736 4595 735 4593 4594 744 745 746 4607 4608 747 749 4609 4610 4611 
750 751 755 768 752 4612 754 4615 765 753 4613 4614 766 4626 4627 756 767 773 4628 757 763 764 4629 4630 758 762 4620 4621 4622 4623 4624 4625 759 4616 761 4619 760 4617 4618 769 770 771 4631 4632 772 774 4633 4634 4635 
775 776 780 793 777 4636 779 4639 790 778 4637 4638 791 4650 4651 781 792 798 4652 782 788 789 4653 4654 783 787 4644 4645 4646 4647 4648 4649 784 4640 786 4643 785 4641 4642 794 795 796 4655 4656 797 799 4657 4658 4659 
800 801 805 818 802 4660 804 4663 815 803 4661 4662 816 4674 4675 806 817 823 4676 807 813 814 4677 4678 808 812 4668 4669 4670 4671 4672 4673 809 4664 811 4667 810 4665 4666 819 820 821 4679 4680 822 824 4681 4682 4683 
825 826 830 843 827 4684 829 4687 840 828 4685 4686 841 4698 4699 831 842 848 4700 832 838 839 4701 4702 833 837 4692 4693 4694 4695 4696 4697 834 4688 836 4691 835 4689 4690 844 845 846 4703 4704 847 849 4705 4706 4707 
850 851 855 868 852 4708 854 4711 865 853 4709 4710 866 4722 4723 856 867 873 4724 857 863 864 4725 4726 858 862 4716 4717 4718 4719 4720 4721 859 4712 861 4715 860 4713 4714 869 870 871 4727 4728 872 874 4729 4730 4731 
875 876 880 893 877 4732 879 4735 890 878 4733 4734 891 4746 4747 881 892 898 4748 882 888 889 4749 4750 883 887 4740 4741 4742 4743 4744 4745 884 4736 886 4739 885 4737 4738 894 895 896 4751 4752 897 899 4753 4754 4755 
900 901 905 918 902 4756 904 4759 915 903 4757 4758 916 4770 4771 906 917 923 4772 907 913 914 4773 4774 908 912 4764 4765 4766 4767 4768 4769 909 4760 911 4763 910 4761 4762 919 920 921 4775 4776 922 924 4777 4778 4779 
925 926 930 943 927 4780 929 4783 940 928 4781 4782 941 4794 4795 931 942 948 4796 932 938 939 4797 4798 933 937 4788 4789 4790 4791 4792 4793 934 4784 936 4787 935 4785 4786 944 945 946 4799 4800 947 949 4801 4802 4803 
950 951 955 968 952 4804 954 4807 965 953 4805 4806 966 4818 4819 956 967 973 4820 957 963 964 4821 4822 958 962 4812 4813 4814 4815 4816 4817 959 4808 961 4811 960 4809 4810 969 970 971 4823 4824 972 974 4825 4826 4827 
975 976 980 993 977 4828 979 4831 990 978 4829 4830 991 4842 4843 981 992 998 4844 982 988 989 4845 4846 983 987 4836 4837 4838 4839 4840 4841 984 4832 986 4835 985 4833 4834 994 995 996 4847 4848 997 999 4849 4850 4851 
1000 1001 1005 1018 1002 4852 1004 4855 1015 1003 4853 4854 1016 4866 4867 1006 1017 1023 4868 1007 1013 1014 4869 4870 1008 1012 4860 4861 4862 4863 4864 4865 1009 4856 1011 4859 1010 4857 4858 1019 1020 1021 4871 4872 1022 1024 4873 4874 4875 
1025 1026 1030 1043 1027 4876 1029 4879 1040 1028 4877 4878 1041 4890 4891 1031 1042 1048 4892 1032 1038 1039 4893 4894 1033 1037 4884 4885 4886 4887 4888 4889 1034 4880 1036 4883 1035 4881 4882 1044 1045 1046 4895 4896 1047 1049 4897 4898 4899 
1050 1051 1055 1068 1052 4900 1054 4903 1065 1053 4901 4902 1066 4914 4915 1056 1067 1073 4916 1057 1063 1064 4917 4918 1058 1062 4908 4909 4910 4911 4912 4913 1059 4904 1061 4907 1060 4905 4906 1069 1070 1071 4919 4920 1072 1074 4921 4922 4923 
1075 1076 1080 1093 1077 4924 1079 4927 1090 1078 4925 4926 1091 4938 4939 1081 1092 1098 4940 1082 1088 1089 4941 4942 1083 1087 4932 4933 4934 4935 4936 4937 1084 4928 1086 4931 1085 4929 4930 1094 1095 1096 4943 4944 1097 1099 4945 4946 4947 
1100 1101 1105 1118 1102 4948 1104 4951 1115 1103 4949 4950 1116 4962 4963 1106 1117 1123 4964 1107 1113 1114 4965 4966 1108 1112 4956 4957 4958 4959 4960 4961 1109 4952 1111 4955 1110 4953 4954 1119 1120 1121 4967 4968 1122 1124 4969 4970 4971 
1125 1126 1130 1143 1127 4972 1129 4975 1140 1128 4973 4974 1141 4986 4987 1131 1142 1148 4988 1132 1138 1139 4989 4990 1133 1137 4980 4981 4982 4983 4984 4985 1134 4976 1136 4979 1135 4977 4978 1144 1145 1146 4991 4992 1147 1149 4993 4994 4995 
1150 1151 1155 1168 1152 4996 1154 4999 1165 1153 4997 4998 1166 5010 5011 1156 1167 1173 5012 1157 1163 1164 5013 5014 1158 1162 5004 5005 5006 5007 5008 5009 1159 5000 1161 5003 1160 5001 5002 1169 1170 1171 5015 5016 1172 1174 5017 5018 5019 
1175 1176 1180 1193 1177 5020 1179 5023 1190 1178 5021 5022 1191 5034 5035 1181 1192 1198 5036 1182 1188 1189 5037 5038 1183 1187 5028 5029 5030 5031 5032 5033 1184 5024 1186 5027 1185 5025 5026 1194 1195 1196 5039 5040 1197 1199 5041 5042 5043 
1200 1201 1205 1218 1202 5044 1204 5047 1215 1203 5045 5046 1216 5058 5059 1206 1217 1223 5060 1207 1213 1214 5061 5062 1208 1212 5052 5053 5054 5055 5056 5057 1209 5048 1211 5051 1210 5049 5050 1219 1220 1221 5063 5064 1222 1224 5065 5066 5067 
1225 1226 1230 1243 1227 5068 1229 5071 1240 1228 5069 5070 1241 5082 5083 1231 1242 1248 5084 1232 1238 1239 5085 5086 1233 1237 5076 5077 5078 5079 5080 5081 1234 5072 1236 5075 1235 5073 5074 1244 1245 1246 5087 5088 1247 1249 5089 5090 5091 
1250 1251 1255 1268 1252 5092 1254 5095 1265 1253 5093 5094 1266 5106 5107 1256 1267 1273 5108 1257 1263 1264 5109 5110 1258 1262 5100 5101 5102 5103 5104 5105 1259 5096 1261 5099 1260 5097 5098 1269 1270 1271 5111 5112 1272 1274 5113 5114 5115 
1275 1276 1280 1293 1277 5116 1279 5119 1290 1278 5117 5118 1291 5130 5131 1281 1292 1298 5132 1282 1288 1289 5133 5134 1283 1287 5124 5125 5126 5127 5128 5129 1284 5120 1286 5123 1285 5121 5122 1294 1295 1296 5135 5136 1297 1299 5137 5138 5139 
1300 1301 1305 1318 1302 5140 1304 5143 1315 1303 5141 5142 1316 5154 5155 1306 1317 1323 5156 1307 1313 1314 5157 5158 1308 1312 5148 5149 5150 5151 5152 5153 1309 5144 1311 5147 1310 5145 5146 1319 1320 1321 5159 5160 1322 1324 5161 5162 5163 
1325 1326 1330 1343 1327 5164 1329 5167 1340 1328 5165 5166 1341 5178 5179 1331 1342 1348 5180 1332 1338 1339 5181 5182 1333 1337 5172 5173 5174 5175 5176 5177 1334 5168 1336 5171 1335 5169 5170 1344 1345 1346 5183 5184 1347 1349 5185 5186 5187 
1350 1351 1355 1368 1352 5188 1354 5191 1365 1353 5189 5190 1366 5202 5203 1356 1367 1373 5204 1357 1363 1364 5205 5206 1358 1362 5196 5197 5198 5199 5200 5201 1359 5192 1361 5195 1360 5193 5194 1369 1370 1371 5207 5208 1372 1374 5209 5210 5211 
1375 1376 1380 1393 1377 5212 1379 5215 1390 1378 5213 5214 1391 5226 5227 1381 1392 1398 5228 1382 1388 1389 5229 5230 1383 1387 5220 5221 5222 5223 5224 5225 1384 5216 1386 5219 1385 5217 5218 1394 1395 1396 5231 5232 1397 1399 5233 5234 5235 
1400 1401 1405 1418 1402 5236 1404 5239 1415 1403 5237 5238 1416 5250 5251 1406 1417 1423 5252 1407 1413 1414 5253 5254 1408 1412 5244 5245 5246 5247 5248 5249 1409 5240 1411 5243 1410 5241 5242 1419 1420 1421 5255 5256 1422 1424 5257 5258 5259 
1425 1426 1430 1443 1427 5260 1429 5263 1440 1428 5261 5262 1441 5274 5275 1431 1442 1448 5276 1432 1438 1439 5277 5278 1433 1437 5268 5269 5270 5271 5272 5273 1434 5264 1436 5267 1435 5265 5266 1444 1445 1446 5279 5280 1447 1449 5281 5282 5283 
1450 1451 1455 1468 1452 5284 1454 5287 1465 1453 5285 5286 1466 5298 5299 1456 1467 1473 5300 1457 1463 1464 5301 5302 1458 1462 5292 5293 5294 5295 5296 5297 1459 5288 1461 5291 1460 5289 5290 1469 1470 1471 5303 5304 1472 1474 5305 5306 5307 
1475 1476 1480 1493 1477 5308 1479 5311 1490 1478 5309 5310 1491 5322 5323 1481 1492 1498 5324 1482 1488 1489 5325 5326 1483 1487 5316 5317 5318 5319 5320 5321 1484 5312 1486 5315 1485 5313 5314 1494 1495 1496 5327 5328 1497 1499 5329 5330 5331 
1500 1501 1505 1518 1502 5332 1504 5335 1515 1503 5333 5334 1516 5346 5347 1506 1517 1523 5348 1507 1513 1514 5349 5350 1508 1512 5340 5341 5342 5343 5344 5345 1509 5336 1511 5339 1510 5337 5338 1519 1520 1521 5351 5352 1522 1524 5353 5354 5355 
1525 1526 1530 1543 1527 5356 1529 5359 1540 1528 5357 5358 1541 5370 5371 1531 1542 1548 5372 1532 1538 1539 5373 5374 1533 1537 5364 5365 5366 5367 5368 5369 1534 5360 1536 5363 1535 5361 5362 1544 1545 1546 5375 5376 1547 1549 5377 5378 5379 
1550 1551 1555 1568 1552 5380 1554 5383 1565 1553 5381 5382 1566 5394 5395 1556 1567 1573 5396 1557 1563 1564 5397 5398 1558 1562 5388 5389 5390 5391 5392 5393 1559 5384 1561 5387 1560 5385 5386 1569 1570 1571 5399 5400 1572 1574 5401 5402 5403 
1575 1576 1580 1593 1577 5404 1579 5407 1590 1578 5405 5406 1591 5418 5419 1581 1592 1598 5420 1582 1588 1589 5421 5422 1583 1587 5412 5413 5414 5415 5416 5417 1584 5408 1586 5411 1585 5409 5410 1594 1595 1596 5423 5424 1597 1599 5425 5426 5427 
1600 1601 1605 1618 1602 5428 1604 5431 1615 1603 5429 5430 1616 5442 5443 1606 1617 1623 5444 1607 1613 1614 5445 5446 1608 1612 5436 5437 5438 5439 5440 5441 1609 5432 1611 5435 1610 5433 5434 1619 1620 1621 5447 5448 1622 1624 5449 5450 5451 
1625 1626 1630 1643 1627 5452 1629 5455 1640 1628 5453 5454 1641 5466 5467 1631 1642 1648 5468 1632 1638 1639 5469 5470 1633 1637 5460 5461 5462 5463 5464 5465 1634 5456 1636 5459 1635 5457 5458 1644 1645 1646 5471 5472 1647 1649 5473 5474 5475 
1650 1651 1655 1668 1652 5476 1654 5479 1665 1653 5477 5478 1666 5490 5491 1656 1667 1673 5492 1657 1663 1664 5493 5494 1658 1662 5484 5485 5486 5487 5488 5489 1659 5480 1661 5483 1660 5481 5482 1669 1670 1671 5495 5496 1672 1674 5497 5498 5499 
1675 1676 1680 1693 1677 5500 1679 5503 1690 1678 5501 5502 1691 5514 5515 1681 1692 1698 5516 1682 1688 1689 5517 5518 1683 1687 5508 5509 5510 5511 5512 5513 1684 5504 1686 5507 1685 5505 5506 1694 1695 1696 5519 5520 1697 1699 5521 5522 5523 
1700 1701 1705 1718 1702 5524 1704 5527 1715 1703 5525 5526 1716 5538 5539 1706 1717 1723 5540 1707 1713 1714 5541 5542 1708 1712 5532 5533 5534 5535 5536 5537 1709 5528 1711 5531 1710 5529 5530 1719 1720 1721 5543 5544 1722 1724 5545 5546 5547 
1725 1726 1730 1743 1727 5548 1729 5551 1740 1728 5549 5550 1741 5562 5563 1731 1742 1748 5564 1732 1738 1739 5565 5566 1733 1737 5556 5557 5558 5559 5560 5561 1734 5552 1736 5555 1735 5553 5554 1744 1745 1746 5567 5568 1747 1749 5569 5570 5571 
1750 1751 1755 1768 1752 5572 1754 5575 1765 1753 5573 5574 1766 5586 5587 1756 1767 1773 5588 1757 1763 1764 5589 5590 1758 1762 5580 5581 5582 5583 5584 5585 1759 5576 1761 5579 1760 5577 5578 1769 1770 1771 5591 5592 1772 1774 5593 5594 5595 
1775 1776 1780 1793 1777 5596 1779 5599 1790 1778 5597 5598 1791 5610 5611 1781 1792 1798 5612 1782 1788 1789 5613 5614 1783 1787 5604 5605 5606 5607 5608 5609 1784 5600 1786 5603 1785 5601 5602 1794 1795 1796 5615 5616 1797 1799 5617 5618 5619 
1800 1801 1805 1818 1802 5620 1804 5623 1815 1803 5621 5622 1816 5634 5635 1806 1817 1823 5636 1807 1813 1814 5637 5638 1808 1812 5628 5629 5630 5631 5632 5633 1809 5624 1811 5627 1810 5625 5626 1819 1820 1821 5639 5640 1822 1824 5641 5642 5643 
1825 1826 1830 1843 1827 5644 1829 5647 1840 1828 5645 5646 1841 5658 5659 1831 1842 1848 5660 1832 1838 1839 5661 5662 1833 1837 5652 5653 5654 5655 5656 5657 1834 5648 1836 5651 1835 5649 5650 1844 1845 1846 5663 5664 1847 1849 5665 5666 5667 
1850 1851 1855 1868 1852 5668 1854 5671 1865 1853 5669 5670 1866 5682 5683 1856 1867 1873 5684 1857 1863 1864 5685 5686 1858 1862 5676 5677 5678 5679 5680 5681 1859 5672 1861 5675 1860 5673 5674 1869 1870 1871 5687 5688 1872 1874 5689 5690 5691 
1875 1876 1880 1893 1877 5692 1879 5695 1890 1878 5693 5694 1891 5706 5707 1881 1892 1898 5708 1882 1888 1889 5709 5710 1883 1887 5700 5701 5702 5703 5704 5705 1884 5696 1886 5699 1885 5697 5698 1894 1895 1896 5711 5712 1897 1899 5713 5714 5715 
1900 1901 1905 1918 1902 5716 1904 5719 1915 1903 5717 5718 1916 5730 5731 1906 1917 1923 5732 1907 1913 1914 5733 5734 1908 1912 5724 5725 5726 5727 5728 5729 1909 5720 1911 5723 1910 5721 5722 1919 1920 1921 5735 5736 1922 1924 5737 5738 5739 
1925 1926 1930 1943 1927 5740 1929 5743 1940 1928 5741 5742 1941 5754 5755 1931 1942 1948 5756 1932 1938 1939 5757 5758 1933 1937 5748 5749 5750 5751 5752 5753 1934 5744 1936 5747 1935 5745 5746 1944 1945 1946 5759 5760 1947 1949 5761 5762 5763 
1950 1951 1955 1968 1952 5764 1954 5767 1965 1953 5765 5766 1966 5778 5779 1956 1967 1973 5780 1957 1963 1964 5781 5782 1958 1962 5772 5773 5774 5775 5776 5777 1959 5768 1961 5771 1960 5769 5770 1969 1970 1971 5783 5784 1972 1974 5785 5786 5787 
1975 1976 1980 1993 1977 5788 1979 5791 1990 1978 5789 5790 1991 5802 5803 1981 1992 1998 5804 1982 1988 1989 5805 5806 1983 1987 5796 5797 5798 5799 5800 5801 1984 5792 1986 5795 1985 5793 5794 1994 1995 1996 5807 5808 1997 1999 5809 5810 5811 
2000 2001 2005 2018 2002 5812 2004 5815 2015 2003 5813 5814 2016 5826 5827 2006 2017 2023 5828 2007 2013 2014 5829 5830 2008 2012 5820 5821 5822 5823 5824 5825 2009 5816 2011 5819 2010 5817 5818 2019 2020 2021 5831 5832 2022 2024 5833 5834 5835 
2025 2026 2030 2043 2027 5836 2029 5839 2040 2028 5837 5838 2041 5850 5851 2031 2042 2048 5852 2032 2038 2039 5853 5854 2033 2037 5844 5845 5846 5847 5848 5849 2034 5840 2036 5843 2035 5841 5842 2044 2045 2046 5855 5856 2047 2049 5857 5858 5859 
2050 2051 2055 2068 2052 5860 2054 5863 2065 2053 5861 5862 2066 5874 5875 2056 2067 2073 5876 2057 2063 2064 5877 5878 2058 2062 5868 5869 5870 5871 5872 5873 2059 5864 2061 5867 2060 5865 5866 2069 2070 2071 5879 5880 2072 2074 5881 5882 5883 
2075 2076 2080 2093 2077 5884 2079 5887 2090 2078 5885 5886 2091 5898 5899 2081 2092 2098 5900 2082 2088 2089 5901 5902 2083 2087 5892 5893 5894 5895 5896 5897 2084 5888 2086 5891 2085 5889 5890 2094 2095 2096 5903 5904 2097 2099 5905 5906 5907 
2100 2101 2105 2118 2102 5908 2104 5911 2115 2103 5909 5910 2116 5922 5923 2106 2117 2123 5924 2107 2113 2114 5925 5926 2108 2112 5916 5917 5918 5919 5920 5921 2109 5912 2111 5915 2110 5913 5914 2119 2120 2121 5927 5928 2122 2124 5929 5930 5931 
2125 2126 2130 2143 2127 5932 2129 5935 2140 2128 5933 5934 2141 5946 5947 2131 2142 2148 5948 2132 2138 2139 5949 5950 2133 2137 5940 5941 5942 5943 5944 5945 2134 5936 2136 5939 2135 5937 5938 2144 2145 2146 5951 5952 2147 2149 5953 5954 5955 
2150 2151 2155 2168 2152 5956 2154 5959 2165 2153 5957 5958 2166 5970 5971 2156 2167 2173 5972 2157 2163 2164 5973 5974 2158 2162 5964 5965 5966 5967 5968 5969 2159 5960 2161 5963 2160 5961 5962 2169 2170 2171 5975 5976 2172 2174 5977 5978 5979 
2175 2176 2180 2193 2177 5980 2179 5983 2190 2178 5981 5982 2191 5994 5995 2181 2192 2198 5996 2182 2188 2189 5997 5998 2183 2187 5988 5989 5990 5991 5992 5993 2184 5984 2186 5987 2185 5985 5986 2194 2195 2196 5999 6000 2197 2199 6001 6002 6003 
2200 2201 2205 2218 2202 6004 2204 6007 2215 2203 6005 6006 2216 6018 6019 2206 2217 2223 6020 2207 2213 2214 6021 6022 2208 2212 6012 6013 6014 6015 6016 6017 2209 6008 2211 6011 2210 6009 6010 2219 2220 2221 6023 6024 2222 2224 6025 6026 6027 
2225 2226 2230 2243 2227 6028 2229 6031 2240 2228 6029 6030 2241 6042 6043 2231 2242 2248 6044 2232 2238 2239 6045 6046 2233 2237 6036 6037 6038 6039 6040 6041 2234 6032 2236 6035 2235 6033 6034 2244 2245 2246 6047 6048 2247 2249 6049 6050 6051 
2250 2251 2255 2268 2252 6052 2254 6055 2265 2253 6053 6054 2266 6066 6067 2256 2267 2273 6068 2257 2263 2264 6069 6070 2258 2262 6060 6061 6062 6063 6064 6065 2259 6056 2261 6059 2260 6057 6058 2269 2270 2271 6071 6072 2272 2274 6073 6074 6075 
2275 2276 2280 2293 2277 6076 2279 6079 2290 2278 6077 6078 2291 6090 6091 2281 2292 2298 6092 2282 2288 2289 6093 6094 2283 2287 6084 6085 6086 6087 6088 6089 2284 6080 2286 6083 2285 6081 6082 2294 2295 2296 6095 6096 2297 2299 6097 6098 6099 
2300 2301 2305 2318 2302 6100 2304 6103 2315 2303 6101 6102 2316 6114 6115 2306 2317 2323 6116 2307 2313 2314 6117 6118 2308 2312 6108 6109 6110 6111 6112 6113 2309 6104 2311 6107 2310 6105 6106 2319 2320 2321 6119 6120 2322 2324 6121 6122 6123 
2325 2326 2330 2343 2327 6124 2329 6127 2340 2328 6125 6126 2341 6138 6139 2331 2342 2348 6140 2332 2338 2339 6141 6142 2333 2337 6132 6133 6134 6135 6136 6137 2334 6128 2336 6131 2335 6129 6130 2344 2345 2346 6143 6144 2347 2349 6145 6146 6147 
2350 2351 2355 2368 2352 6148 2354 6151 2365 2353 6149 6150 2366 6162 6163 2356 2367 2373 6164 2357 2363 2364 6165 6166 2358 2362 6156 6157 6158 6159 6160 6161 2359 6152 2361 6155 2360 6153 6154 2369 2370 2371 6167 6168 2372 2374 6169 6170 6171 
2375 2376 2380 2393 2377 6172 2379 6175 2390 2378 6173 6174 2391 6186 6187 2381 2392 2398 6188 2382 2388 2389 6189 6190 2383 2387 6180 6181 6182 6183 6184 6185 2384 6176 2386 6179 2385 6177 6178 2394 2395 2396 6191 6192 2397 2399 6193 6194 6195 
2400 2401 2405 2418 2402 6196 2404 6199 2415 2403 6197 6198 2416 6210 6211 2406 2417 2423 6212 2407 2413 2414 6213 6214 2408 2412 6204 6205 6206 6207 6208 6209 2409 6200 2411 6203 2410 6201 6202 2419 2420 2421 6215 6216 2422 2424 6217 6218 6219 
2425 2426 2430 2443 2427 6220 2429 6223 2440 2428 6221 6222 2441 6234 6235 2431 2442 2448 6236 2432 2438 2439 6237 6238 2433 2437 6228 6229 6230 6231 6232 6233 2434 6224 2436 6227 2435 6225 6226 2444 2445 2446 6239 6240 2447 2449 6241 6242 6243 
2450 2451 2455 2468 2452 6244 2454 6247 2465 2453 6245 6246 2466 6258 6259 2456 2467 2473 6260 2457 2463 2464 6261 6262 2458 2462 6252 6253 6254 6255 6256 6257 2459 6248 2461 6251 2460 6249 6250 2469 2470 2471 6263 6264 2472 2474 6265 6266 6267 
2475 2476 2480 2493 2477 6268 2479 6271 2490 2478 6269 6270 2491 6282 6283 2481 2492 2498 6284 2482 2488 2489 6285 6286 2483 2487 6276 6277 6278 6279 6280 6281 2484 6272 2486 6275 2485 6273 6274 2494 2495 2496 6287 6288 2497 2499 6289 6290 6291 
2500 2501 2505 2518 2502 6292 2504 6295 2515 2503 6293 6294 2516 6306 6307 2506 2517 2523 6308 2507 2513 2514 6309 6310 2508 2512 6300 6301 6302 6303 6304 6305 2509 6296 2511 6299 2510 6297 6298 2519 2520 2521 6311 6312 2522 2524 6313 6314 6315 
2525 2526 2530 2543 2527 6316 2529 6319 2540 2528 6317 6318 2541 6330 6331 2531 2542 2548 6332 2532 2538 2539 6333 6334 2533 2537 6324 6325 6326 6327 6328 6329 2534 6320 2536 6323 2535 6321 6322 2544 2545 2546 6335 6336 2547 2549 6337 6338 6339 
2550 2551 2555 2568 2552 6340 2554 6343 2565 2553 6341 6342 2566 6354 6355 2556 2567 2573 6356 2557 2563 2564 6357 6358 2558 2562 6348 6349 6350 6351 6352 6353 2559 6344 2561 6347 2560 6345 6346 2569 2570 2571 6359 6360 2572 2574 6361 6362 6363 
2575 2576 2580 2593 2577 6364 2579 6367 2590 2578 6365 6366 2591 6378 6379 2581 2592 2598 6380 2582 2588 2589 6381 6382 2583 2587 6372 6373 6374 6375 6376 6377 2584 6368 2586 6371 2585 6369 6370 2594 2595 2596 6383 6384 2597 2599 6385 6386 6387 
2600 2601 2605 2618 2602 6388 2604 6391 2615 2603 6389 6390 2616 6402 6403 2606 2617 2623 6404 2607 2613 2614 6405 6406 2608 2612 6396 6397 6398 6399 6400 6401 2609 6392 2611 6395 2610 6393 6394 2619 2620 2621 6407 6408 2622 2624 6409 6410 6411 
2625 2626 2630 2643 2627 6412 2629 6415 2640 2628 6413 6414 2641 6426 6427 2631 2642 2648 6428 2632 2638 2639 6429 6430 2633 2637 6420 6421 6422 6423 6424 6425 2634 6416 2636 6419 2635 6417 6418 2644 2645 2646 6431 6432 2647 2649 6433 6434 6435 
2650 2651 2655 2668 2652 6436 2654 6439 2665 2653 6437 6438 2666 6450 6451 2656 2667 2673 6452 2657 2663 2664 6453 6454 2658 2662 6444 6445 6446 6447 6448 6449 2659 6440 2661 6443 2660 6441 6442 2669 2670 2671 6455 6456 2672 2674 6457 6458 6459 
2675 2676 2680 2693 2677 6460 2679 6463 2690 2678 6461 6462 2691 6474 6475 2681 2692 2698 6476 2682 2688 2689 6477 6478 2683 2687 6468 6469 6470 6471 6472 6473 2684 6464 2686 6467 2685 6465 6466 2694 2695 2696 6479 6480 2697 2699 6481 6482 6483 
2700 2701 2705 2718 2702 6484 2704 6487 2715 2703 6485 6486 2716 6498 6499 2706 2717 2723 6500 2707 2713 2714 6501 6502 2708 2712 6492 6493 6494 6495 6496 6497 2709 6488 2711 6491 2710 6489 6490 2719 2720 2721 6503 6504 2722 2724 6505 6506 6507 
2725 2726 2730 2743 2727 6508 2729 6511 2740 2728 6509 6510 2741 6522 6523 2731 2742 2748 6524 2732 2738 2739 6525 6526 2733 2737 6516 6517 6518 6519 6520 6521 2734 6512 2736 6515 2735 6513 6514 2744 2745 2746 6527 6528 2747 2749 6529 6530 6531 
2750 2751 2755 2768 2752 6532 2754 6535 2765 2753 6533 6534 2766 6546 6547 2756 2767 2773 6548 2757 2763 2764 6549 6550 2758 2762 6540 6541 6542 6543 6544 6545 2759 6536 2761 6539 2760 6537 6538 2769 2770 2771 6551 6552 2772 2774 6553 6554 6555 
2775 2776 2780 2793 2777 6556 2779 6559 2790 2778 6557 6558 2791 6570 6571 2781 2792 2798 6572 2782 2788 2789 6573 6574 2783 2787 6564 6565 6566 6567 6568 6569 2784 6560 2786 6563 2785 6561 6562 2794 2795 2796 6575 6576 2797 2799 6577 6578 6579 
2800 2801 2805 2818 2802 6580 2804 6583 2815 2803 6581 6582 2816 6594 6595 2806 2817 2823 6596 2807 2813 2814 6597 6598 2808 2812 6588 6589 6590 6591 6592 6593 2809 6584 2811 6587 2810 6585 6586 2819 2820 2821 6599 6600 2822 2824 6601 6602 6603 
2825 2826 2830 2843 2827 6604 2829 6607 2840 2828 6605 6606 2841 6618 6619 2831 2842 2848 6620 2832 2838 2839 6621 6622 2833 2837 6612 6613 6614 6615 6616 6617 2834 6608 2836 6611 2835 6609 6610 2844 2845 2846 6623 6624 2847 2849 6625 6626 6627 
2850 2851 2855 2868 2852 6628 2854 6631 2865 2853 6629 6630 2866 6642 6643 2856 2867 2873 6644 2857 2863 2864 6645 6646 2858 2862 6636 6637 6638 6639 6640 6641 2859 6632 2861 6635 2860 6633 6634 2869 2870 2871 6647 6648 2872 2874 6649 6650 6651 
2875 2876 2880 2893 2877 6652 2879 6655 2890 2878 6653 6654 2891 6666 6667 2881 2892 2898 6668 2882 2888 2889 6669 6670 2883 2887 6660 6661 6662 6663 6664 6665 2884 6656 2886 6659 2885 6657 6658 2894 2895 2896 6671 6672 2897 2899 6673 6674 6675 
2900 2901 2905 2918 2902 6676 2904 6679 2915 2903 6677 6678 2916 6690 6691 2906 2917 2923 6692 2907 2913 2914 6693 6694 2908 2912 6684 6685 6686 6687 6688 6689 2909 6680 2911 6683 2910 6681 6682 2919 2920 2921 6695 6696 2922 2924 6697 6698 6699 
2925 2926 2930 2943 2927 6700 2929 6703 2940 2928 6701 6702 2941 6714 6715 2931 2942 2948 6716 2932 2938 2939 6717 6718 2933 2937 6708 6709 6710 6711 6712 6713 2934 6704 2936 6707 2935 6705 6706 2944 2945 2946 6719 6720 2947 2949 6721 6722 6723 
2950 2951 2955 2968 2952 6724 2954 6727 2965 2953 6725 6726 2966 6738 6739 2956 2967 2973 6740 2957 2963 2964 6741 6742 2958 2962 6732 6733 6734 6735 6736 6737 2959 6728 2961 6731 2960 6729 6730 2969 2970 2971 6743 6744 2972 2974 6745 6746 6747 
2975 2976 2980 2993 2977 6748 2979 6751 2990 2978 6749 6750 2991 6762 6763 2981 2992 2998 6764 2982 2988 2989 6765 6766 2983 2987 6756 6757 6758 6759 6760 6761 2984 6752 2986 6755 2985 6753 6754 2994 2995 2996 6767 6768 2997 2999 6769 6770 6771 
3000 3001 3005 3018 3002 6772 3004 6775 3015 3003 6773 6774 3016 6786 6787 3006 3017 3023 6788 3007 3013 3014 6789 6790 3008 3012 6780 6781 6782 6783 6784 6785 3009 6776 3011 6779 3010 6777 6778 3019 3020 3021 6791 6792 3022 3024 6793 6794 6795 
3025 3026 3030 3043 3027 6796 3029 6799 3040 3028 6797 6798 3041 6810 6811 3031 3042 3048 6812 3032 3038 3039 6813 6814 3033 3037 6804 6805 6806 6807 6808 6809 3034 6800 3036 6803 3035 6801 6802 3044 3045 3046 6815 6816 3047 3049 6817 6818 6819 
3050 3051 3055 3068 3052 6820 3054 6823 3065 3053 6821 6822 3066 6834 6835 3056 3067 3073 6836 3057 3063 3064 6837 6838 3058 3062 6828 6829 6830 6831 6832 6833 3059 6824 3061 6827 3060 6825 6826 3069 3070 3071 6839 6840 3072 3074 6841 6842 6843 
3075 3076 3080 3093 3077 6844 3079 6847 3090 3078 6845 6846 3091 6858 6859 3081 3092 3098 6860 3082 3088 3089 6861 6862 3083 3087 6852 6853 6854 6855 6856 6857 3084 6848 3086 6851 3085 6849 6850 3094 3095 3096 6863 6864 3097 3099 6865 6866 6867 
3100 3101 3105 3118 3102 6868 3104 6871 3115 3103 6869 6870 3116 6882 6883 3106 3117 3123 6884 3107 3113 3114 6885 6886 3108 3112 6876 6877 6878 6879 6880 6881 3109 6872 3111 6875 3110 6873 6874 3119 3120 3121 6887 6888 3122 3124 6889 6890 6891 
3125 3126 3130 3143 3127 6892 3129 6895 3140 3128 6893 6894 3141 6906 6907 3131 3142 3148 6908 3132 3138 3139 6909 6910 3133 3137 6900 6901 6902 6903 6904 6905 3134 6896 3136 6899 3135 6897 6898 3144 3145 3146 6911 6912 3147 3149 6913 6914 6915 
3150 3151 3155 3168 3152 6916 3154 6919 3165 3153 6917 6918 3166 6930 6931 3156 3167 3173 6932 3157 3163 3164 6933 6934 3158 3162 6924 6925 6926 6927 6928 6929 3159 6920 3161 6923 3160 6921 6922 3169 3170 3171 6935 6936 3172 3174 6937 6938 6939 
3175 3176 3180 3193 3177 6940 3179 6943 3190 3178 6941 6942 3191 6954 6955 3181 3192 3198 6956 3182 3188 3189 6957 6958 3183 3187 6948 6949 6950 6951 6952 6953 3184 6944 3186 6947 3185 6945 6946 3194 3195 3196 6959 6960 3197 3199 6961 6962 6963 
3200 3201 3205 3218 3202 6964 3204 6967 3215 3203 6965 6966 3216 6978 6979 3206 3217 3223 6980 3207 3213 3214 6981 6982 3208 3212 6972 6973 6974 6975 6976 6977 3209 6968 3211 6971 3210 6969 6970 3219 3220 3221 6983 6984 3222 3224 6985 6986 6987 
3225 3226 3230 3243 3227 6988 3229 6991 3240 3228 6989 6990 3241 7002 7003 3231 3242 3248 7004 3232 3238 3239 7005 7006 3233 3237 6996 6997 6998 6999 7000 7001 3234 6992 3236 6995 3235 6993 6994 3244 3245 3246 7007 7008 3247 3249 7009 7010 7011 
3250 3251 3255 3268 3252 7012 3254 7015 3265 3253 7013 7014 3266 7026 7027 3256 3267 3273 7028 3257 3263 3264 7029 7030 3258 3262 7020 7021 7022 7023 7024 7025 3259 7016 3261 7019 3260 7017 7018 3269 3270 3271 7031 7032 3272 3274 7033 7034 7035 
3275 3276 3280 3293 3277 7036 3279 7039 3290 3278 7037 7038 3291 7050 7051 3281 3292 3298 7052 3282 3288 3289 7053 7054 3283 3287 7044 7045 7046 7047 7048 7049 3284 7040 3286 7043 3285 7041 7042 3294 3295 3296 7055 7056 3297 3299 7057 7058 7059 
3300 3301 3305 3318 3302 7060 3304 7063 3315 3303 7061 7062 3316 7074 7075 3306 3317 3323 7076 3307 3313 3314 7077 7078 3308 3312 7068 7069 7070 7071 7072 7073 3309 7064 3311 7067 3310 7065 7066 3319 3320 3321 7079 7080 3322 3324 7081 7082 7083 
3325 3326 3330 3343 3327 7084 3329 7087 3340 3328 7085 7086 3341 7098 7099 3331 3342 3348 7100 3332 3338 3339 7101 7102 3333 3337 7092 7093 7094 7095 7096 7097 3334 7088 3336 7091 3335 7089 7090 3344 3345 3346 7103 7104 3347 3349 7105 7106 7107 
3350 3351 3355 3368 3352 7108 3354 7111 3365 3353 7109 7110 3366 7122 7123 3356 3367 3373 7124 3357 3363 3364 7125 7126 3358 3362 7116 7117 7118 7119 7120 7121 3359 7112 3361 7115 3360 7113 7114 3369 3370 3371 7127 7128 3372 3374 7129 7130 7131 
3375 3376 3380 3393 3377 7132 3379 7135 3390 3378 7133 7134 3391 7146 7147 3381 3392 3398 7148 3382 3388 3389 7149 7150 3383 3387 7140 7141 7142 7143 7144 7145 3384 7136 3386 7139 3385 7137 7138 3394 3395 3396 7151 7152 3397 3399 7153 7154 7155 
3400 3401 3405 3418 3402 7156 3404 7159 3415 3403 7157 7158 3416 7170 7171 3406 3417 3423 7172 3407 3413 3414 7173 7174 3408 3412 7164 7165 7166 7167 7168 7169 3409 7160 3411 7163 3410 7161 7162 3419 3420 3421 7175 7176 3422 3424 7177 7178 7179 
3425 3426 3430 3443 3427 7180 3429 7183 3440 3428 7181 7182 3441 7194 7195 3431 3442 3448 7196 3432 3438 3439 7197 7198 3433 3437 7188 7189 7190 7191 7192 7193 3434 7184 3436 7187 3435 7185 7186 3444 3445 3446 7199 7200 3447 3449 7201 7202 7203 
3450 3451 3455 3468 3452 7204 3454 7207 3465 3453 7205 7206 3466 7218 7219 3456 3467 3473 7220 3457 3463 3464 7221 7222 3458 3462 7212 7213 7214 7215 7216 7217 3459 7208 3461 7211 3460 7209 7210 3469 3470 3471 7223 7224 3472 3474 7225 7226 7227 
3475 3476 3480 3493 3477 7228 3479 7231 3490 3478 7229 7230 3491 7242 7243 3481 3492 3498 7244 3482 3488 3489 7245 7246 3483 3487 7236 7237 7238 7239 7240 7241 3484 7232 3486 7235 3485 7233 7234 3494 3495 3496 7247 7248 3497 3499 7249 7250 7251 
3500 3501 3505 7252 7253 3502 7254 7255 7262 7263 7256 7257 3506 3503 7264 3504 7258 7259 7260 7261 
3507 3508 3512 7265 7266 3509 7267 7268 7275 7276 7269 7270 3513 3510 7277 3511 7271 7272 7273 7274 
3514 3515 3519 7278 7279 3516 7280 7281 7288 7289 7282 7283 3520 3517 7290 3518 7284 7285 7286 7287 
3521 3522 3526 7291 7292 3523 7293 7294 7301 7302 7295 7296 3527 3524 7303 3525 7297 7298 7299 7300 
3528 3529 3533 7304 7305 3530 7306 7307 7314 7315 7308 7309 3534 3531 7316 3532 7310 7311 7312 7313 
3535 3536 3540 7317 7318 3537 7319 7320 7327 7328 7321 7322 3541 3538 7329 3539 7323 7324 7325 7326 
3542 3543 3547 7330 7331 3544 7332 7333 7340 7341 7334 7335 3548 3545 7342 3546 7336 7337 7338 7339 
3549 3550 3554 7343 7344 3551 7345 7346 7353 7354 7347 7348 3555 3552 7355 3553 7349 7350 7351 7352 
3556 3557 3561 7356 7357 3558 7358 7359 7366 7367 7360 7361 3562 3559 7368 3560 7362 7363 7364 7365 
3563 3564 3568 7369 7370 3565 7371 7372 7379 7380 7373 7374 3569 3566 7381 3567 7375 7376 7377 7378 
3570 3571 3575 7382 7383 3572 7384 7385 7392 7393 7386 7387 3576 3573 7394 3574 7388 7389 7390 7391 
3577 3578 3582 7395 7396 3579 7397 7398 7405 7406 7399 7400 3583 3580 7407 3581 7401 7402 7403 7404 
3584 3585 3589 7408 7409 3586 7410 7411 7418 7419 7412 7413 3590 3587 7420 3588 7414 7415 7416 7417 
3591 3592 3596 7421 7422 3593 7423 7424 7431 7432 7425 7426 3597 3594 7433 3595 7427 7428 7429 7430 
3598 3599 3603 7434 7435 3600 7436 7437 7444 7445 7438 7439 3604 3601 7446 3602 7440 7441 7442 7443 
3605 3606 3610 7447 7448 3607 7449 7450 7457 7458 7451 7452 3611 3608 7459 3609 7453 7454 7455 7456 
3612 3613 3617 7460 7461 3614 7462 7463 7470 7471 7464 7465 3618 3615 7472 3616 7466 7467 7468 7469 
3619 3620 3624 7473 7474 3621 7475 7476 7483 7484 7477 7478 3625 3622 7485 3623 7479 7480 7481 7482 
3626 3627 3631 7486 7487 3628 7488 7489 7496 7497 7490 7491 3632 3629 7498 3630 7492 7493 7494 7495 
3633 3634 3638 7499 7500 3635 7501 7502 7509 7510 7503 7504 3639 3636 7511 3637 7505 7506 7507 7508 
3640 3641 3645 7512 7513 3642 7514 7515 7522 7523 7516 7517 3646 3643 7524 3644 7518 7519 7520 7521 
3647 3648 3652 7525 7526 3649 7527 7528 7535 7536 7529 7530 3653 3650 7537 3651 7531 7532 7533 7534 
3654 3655 3659 7538 7539 3656 7540 7541 7548 7549 7542 7543 3660 3657 7550 3658 7544 7545 7546 7547 
3661 3662 3666 7551 7552 3663 7553 7554 7561 7562 7555 7556 3667 3664 7563 3665 7557 7558 7559 7560 
3668 3669 3673 7564 7565 3670 7566 7567 7574 7575 7568 7569 3674 3671 7576 3672 7570 7571 7572 7573 
3675 3676 3680 7577 7578 3677 7579 7580 7587 7588 7581 7582 3681 3678 7589 3679 7583 7584 7585 7586 
3682 3683 3687 7590 7591 3684 7592 7593 7600 7601 7594 7595 3688 3685 7602 3686 7596 7597 7598 7599 
3689 3690 3694 7603 7604 3691 7605 7606 7613 7614 7607 7608 3695 3692 7615 3693 7609 7610 7611 7612 
3696 3697 3701 7616 7617 3698 7618 7619 7626 7627 7620 7621 3702 3699 7628 3700 7622 7623 7624 7625 
3703 3704 3708 7629 7630 3705 7631 7632 7639 7640 7633 7634 3709 3706 7641 3707 7635 7636 7637 7638 
3710 3711 3715 7642 7643 3712 7644 7645 7652 7653 7646 7647 3716 3713 7654 3714 7648 7649 7650 7651 
3717 3718 3722 7655 7656 3719 7657 7658 7665 7666 7659 7660 3723 3720 7667 3721 7661 7662 7663 7664 
3724 3725 3729 7668 7669 3726 7670 7671 7678 7679 7672 7673 3730 3727 7680 3728 7674 7675 7676 7677 
3731 3732 3736 7681 7682 3733 7683 7684 7691 7692 7685 7686 3737 3734 7693 3735 7687 7688 7689 7690 
3738 3739 3743 7694 7695 3740 7696 7697 7704 7705 7698 7699 3744 3741 7706 3742 7700 7701 7702 7703 
3745 3746 3750 7707 7708 3747 7709 7710 7717 7718 7711 7712 3751 3748 7719 3749 7713 7714 7715 7716 
3752 3753 3757 7720 7721 3754 7722 7723 7730 7731 7724 7725 3758 3755 7732 3756 7726 7727 7728 7729 
3759 3760 3764 7733 7734 3761 7735 7736 7743 7744 7737 7738 3765 3762 7745 3763 7739 7740 7741 7742 
3766 3767 3771 7746 7747 3768 7748 7749 7756 7757 7750 7751 3772 3769 7758 3770 7752 7753 7754 7755 
3773 3774 3778 7759 7760 3775 7761 7762 7769 7770 7763 7764 3779 3776 7771 3777 7765 7766 7767 7768 
3780 3781 3785 7772 7773 3782 7774 7775 7782 7783 7776 7777 3786 3783 7784 3784 7778 7779 7780 7781 
3787 3788 3792 7785 7786 3789 7787 7788 7795 7796 7789 7790 3793 3790 7797 3791 7791 7792 7793 7794 
3794 3795 3799 7798 7799 3796 7800 7801 7808 7809 7802 7803 3800 3797 7810 3798 7804 7805 7806 7807 
3801 3802 3806 7811 7812 3803 7813 7814 7821 7822 7815 7816 3807 3804 7823 3805 7817 7818 7819 7820 
3808 3809 3813 7824 7825 3810 7826 7827 7834 7835 7828 7829 3814 3811 7836 3812 7830 7831 7832 7833 
3815 3816 3820 7837 7838 3817 7839 7840 7847 7848 7841 7842 3821 3818 7849 3819 7843 7844 7845 7846 
3822 3823 3827 7850 7851 3824 7852 7853 7860 7861 7854 7855 3828 3825 7862 3826 7856 7857 7858 7859 
3829 3830 3834 7863 7864 3831 7865 7866 7873 7874 7867 7868 3835 3832 7875 3833 7869 7870 7871 7872 
3836 3837 3841 7876 7877 3838 7878 7879 7886 7887 7880 7881 3842 3839 7888 3840 7882 7883 7884 7885 
3843 3844 3848 7889 7890 3845 7891 7892 7899 7900 7893 7894 3849 3846 7901 3847 7895 7896 7897 7898 
3850 3851 3855 7902 7903 3852 7904 7905 7912 7913 7906 7907 3856 3853 7914 3854 7908 7909 7910 7911 
3857 3858 3862 7915 7916 3859 7917 7918 7925 7926 7919 7920 3863 3860 7927 3861 7921 7922 7923 7924 
3864 3865 3869 7928 7929 3866 7930 7931 7938 7939 7932 7933 3870 3867 7940 3868 7934 7935 7936 7937 
3871 3872 3876 7941 7942 3873 7943 7944 7951 7952 7945 7946 3877 3874 7953 3875 7947 7948 7949 7950 
3878 3879 3883 7954 7955 3880 7956 7957 7964 7965 7958 7959 3884 3881 7966 3882 7960 7961 7962 7963 
3885 3886 3890 7967 7968 3887 7969 7970 7977 7978 7971 7972 3891 3888 7979 3889 7973 7974 7975 7976 
